1779919989787 -0.004328927490860224 1
1779919991498 0.0010971873998641968 2
1779919993023 -0.0006240646471269429 3
1779919994590 -0.006187248043715954 4
1779919996185 -0.0022659189999103546 5
1779919997765 -0.004529355093836784 6
1779919999301 -0.002103934297338128 7
1779920000871 0.00552070839330554 8
1779920002472 0.004516692832112312 9
1779920004037 0.001912440056912601 10
1779920005587 -0.00023573347425553948 11
1779920007220 0.0037554879672825336 12
1779920008769 0.0014508554013445973 13
1779920010342 0.004689701367169619 14
1779920011872 0.0012473446549847722 15
1779920013443 -0.0035128267481923103 16
1779920014997 0.00037865835474804044 17
1779920016538 0.002628842368721962 18
1779920018079 -0.0025694677606225014 19
1779920019616 0.0029407574329525232 20
1779920021155 -0.0019472178537398577 21
1779920022691 0.0010400440078228712 22
1779920024207 0.0018246235558763146 23
1779920025777 0.002140352036803961 24
1779920027316 -0.0013923215446993709 25
1779920028837 -0.003834680886939168 26
1779920030370 0.0011432094033807516 27
1779920031911 0.0005611579399555922 28
1779920033569 -0.0012541788164526224 29
1779920035226 0.0020556417293846607 30
1779920036845 0.0007066827383823693 31
1779920038527 0.002067982219159603 32
1779920040199 0.0005417898064479232 33
1779920041819 -0.0017175051616504788 34
1779920043413 0.002909822156652808 35
1779920045084 0.0027476614341139793 36
1779920046738 0.0021528571378439665 37
1779920048380 0.0026388922706246376 38
1779920050049 0.00022805512708146125 39
1779920051721 0.005700918845832348 40
