1779919989787 0.030053846538066864 1
1779919991498 0.02949223294854164 2
1779919993023 0.02913336269557476 3
1779919994590 0.029405293986201286 4
1779919996185 0.029203573241829872 5
1779919997765 0.028949853032827377 6
1779919999301 0.030388958752155304 7
1779920000871 0.030299462378025055 8
1779920002472 0.02549879625439644 9
1779920004037 0.023833859711885452 10
1779920005587 0.02271537482738495 11
1779920007220 0.022938577458262444 12
1779920008769 0.021900756284594536 13
1779920010342 0.022737041115760803 14
1779920011872 0.021809307858347893 15
1779920013443 0.022028209641575813 16
1779920014997 0.02183213271200657 17
1779920016538 0.02141452580690384 18
1779920018079 0.021841738373041153 19
1779920019616 0.021398620679974556 20
1779920021155 0.021355310454964638 21
1779920022691 0.021128488704562187 22
1779920024207 0.02124292589724064 23
1779920025777 0.0209418423473835 24
1779920027316 0.021351348608732224 25
1779920028837 0.02150637097656727 26
1779920030370 0.021182022988796234 27
1779920031911 0.021207069978117943 28
1779920033569 0.021226242184638977 29
1779920035226 0.021233098581433296 30
1779920036845 0.021058782935142517 31
1779920038527 0.020986322313547134 32
1779920040199 0.020854683592915535 33
1779920041819 0.020873596891760826 34
1779920043413 0.020758191123604774 35
1779920045084 0.02055983617901802 36
1779920046738 0.02074391022324562 37
1779920048380 0.020532988011837006 38
1779920050049 0.02071934938430786 39
1779920051721 0.020943820476531982 40
