1779919989787 0.10839243467189064 1
1779919991498 0.1032255825999683 2
1779919993023 0.100044978972391 3
1779919994590 0.0982534002728206 4
1779919996185 0.09783693545654457 5
1779919997765 0.09761365827367982 6
1779919999301 0.09693744301426509 7
1779920000871 0.09642080480320066 8
1779920002472 0.08978605570050967 9
1779920004037 0.0716485919189683 10
1779920005587 0.06738407364930989 11
1779920007220 0.06588303775990961 12
1779920008769 0.06517885192284571 13
1779920010342 0.06471800443924162 14
1779920011872 0.06369338217435133 15
1779920013443 0.06250423457750603 16
1779920014997 0.06283973734158786 17
1779920016538 0.06238503605332585 18
1779920018079 0.061723952841003404 19
1779920019616 0.06162654379121035 20
1779920021155 0.06110014652540861 21
1779920022691 0.06062722292833913 22
1779920024207 0.06023798098392559 23
1779920025777 0.05989775294566286 24
1779920027316 0.05977987862363991 25
1779920028837 0.06002338472805076 26
1779920030370 0.05922638799369171 27
1779920031911 0.058853084206088514 28
1779920033569 0.05872025851868401 29
1779920035226 0.05856865207272128 30
1779920036845 0.05881226052512151 31
1779920038527 0.058314712636029095 32
1779920040199 0.05808796467818833 33
1779920041819 0.05825629418320728 34
1779920043413 0.05722999673839607 35
1779920045084 0.05701126986934955 36
1779920046738 0.05701474544204792 37
1779920048380 0.05717244852057173 38
1779920050049 0.056624546518790494 39
1779920051721 0.05661198123776387 40
