1779919989787 0.0748930349946022 1
1779919991498 0.07454277575016022 2
1779919993023 0.07426615059375763 3
1779919994590 0.0744081661105156 4
1779919996185 0.07423463463783264 5
1779919997765 0.07406733185052872 6
1779919999301 0.07450041174888611 7
1779920000871 0.07367228716611862 8
1779920002472 0.07145208865404129 9
1779920004037 0.07027728110551834 10
1779920005587 0.07026968151330948 11
1779920007220 0.0701269805431366 12
1779920008769 0.07000849395990372 13
1779920010342 0.06992840766906738 14
1779920011872 0.06984082609415054 15
1779920013443 0.06975193321704865 16
1779920014997 0.06973341852426529 17
1779920016538 0.0696825236082077 18
1779920018079 0.06962788105010986 19
1779920019616 0.06948092579841614 20
1779920021155 0.06932786107063293 21
1779920022691 0.06938738375902176 22
1779920024207 0.06952842324972153 23
1779920025777 0.06933438032865524 24
1779920027316 0.06923582404851913 25
1779920028837 0.06925349682569504 26
1779920030370 0.06918475776910782 27
1779920031911 0.0692836195230484 28
1779920033569 0.06909947842359543 29
1779920035226 0.06912024319171906 30
1779920036845 0.06902378797531128 31
1779920038527 0.06901293247938156 32
1779920040199 0.06898897886276245 33
1779920041819 0.06898511201143265 34
1779920043413 0.06892330944538116 35
1779920045084 0.06924992054700851 36
1779920046738 0.06880593299865723 37
1779920048380 0.06893903017044067 38
1779920050049 0.06864296644926071 39
1779920051721 0.06894030421972275 40
