1780067831678 0.03170596808195114 1
1780067834830 0.03136914223432541 2
1780067838053 0.028046345338225365 3
1780067841388 0.025102177634835243 4
1780067844911 0.024570580571889877 5
1780067848388 0.025969965383410454 6
1780067851854 0.023638149723410606 7
1780067855349 0.023419031873345375 8
1780067858876 0.023748448118567467 9
1780067862431 0.022634215652942657 10
1780067865906 0.022998178377747536 11
1780067869393 0.022818610072135925 12
1780067872612 0.022555788978934288 13
1780067875775 0.02225870080292225 14
1780067878966 0.02220960520207882 15
1780067882211 0.022143632173538208 16
1780067885397 0.021860014647245407 17
1780067888593 0.022167541086673737 18
1780067891806 0.022834772244095802 19
1780067895053 0.02151471935212612 20
1780067898254 0.02133934013545513 21
1780067901489 0.021712984889745712 22
1780067904742 0.021372107788920403 23
1780067908058 0.021015742793679237 24
1780067911322 0.021163417026400566 25
1780067914626 0.020707666873931885 26
1780067917871 0.02092462033033371 27
1780067921134 0.020731253549456596 28
1780067924438 0.02187337726354599 29
1780067927731 0.021216141059994698 30
1780067931011 0.020331867039203644 31
1780067934253 0.02044001780450344 32
1780067937459 0.020500563085079193 33
1780067940675 0.020473618060350418 34
1780067943890 0.020298834890127182 35
1780067947068 0.020361419767141342 36
1780067950240 0.02037319540977478 37
1780067953445 0.02063850872218609 38
1780067956652 0.020684832707047462 39
1780067959900 0.020567582920193672 40
1780067963418 0.020409638062119484 41
1780067966937 0.02035912498831749 42
1780067970420 0.019995732232928276 43
1780067973873 0.020237527787685394 44
1780067977378 0.01981467381119728 45
1780067980887 0.019887812435626984 46
1780067984387 0.020071277394890785 47
1780067987906 0.01971832849085331 48
1780067991271 0.02014325000345707 49
1780067994469 0.020043112337589264 50
1780067997699 0.02022978477180004 51
1780068000895 0.01990406960248947 52
1780068004073 0.019999174401164055 53
1780068007220 0.020025765523314476 54
1780068010384 0.02048424631357193 55
1780068013600 0.0196206197142601 56
1780068016796 0.019491560757160187 57
1780068019998 0.020017027854919434 58
1780068023279 0.020023267716169357 59
1780068026532 0.019726306200027466 60
1780068029817 0.019324542954564095 61
1780068033091 0.019582297652959824 62
1780068036428 0.019571183249354362 63
1780068039779 0.019323725253343582 64
1780068043100 0.01957760378718376 65
1780068046434 0.0198191087692976 66
1780068049738 0.01962314359843731 67
1780068052970 0.02017861045897007 68
