1780067831678 0.0029291738756000996 1
1780067834830 -0.001880693482235074 2
1780067838053 -0.000314854783937335 3
1780067841388 -0.0016510183922946453 4
1780067844911 -0.000845245027448982 5
1780067848388 0.006959173828363419 6
1780067851854 0.0017417233902961016 7
1780067855349 -8.603396418038756e-05 8
1780067858876 -0.00048436751239933074 9
1780067862431 0.0002615252451505512 10
1780067865906 0.0012812946224585176 11
1780067869393 -0.001996377483010292 12
1780067872612 0.0035992683842778206 13
1780067875775 -0.0008830614970065653 14
1780067878966 -0.0015987843507900834 15
1780067882211 -0.0020898974034935236 16
1780067885397 0.0011786759132519364 17
1780067888593 -0.0021131434477865696 18
1780067891806 -0.0037168406415730715 19
1780067895053 0.004297826439142227 20
1780067898254 0.0029231917578727007 21
1780067901489 0.003994144964963198 22
1780067904742 0.0008316761814057827 23
1780067908058 -0.00254927109926939 24
1780067911322 0.0007635828224010766 25
1780067914626 -6.668156129308045e-05 26
1780067917871 -0.0016673573991283774 27
1780067921134 -0.00032627006294205785 28
1780067924438 -0.0017030496383085847 29
1780067927731 -0.0015789864119142294 30
1780067931011 0.00016682170098647475 31
1780067934253 -0.001508411020040512 32
1780067937459 -0.0006354544311761856 33
1780067940675 0.00014222650497686118 34
1780067943890 0.0028522065840661526 35
1780067947068 -1.3072800356894732e-05 36
1780067950240 0.002366251777857542 37
1780067953445 -0.0012864844175055623 38
1780067956652 0.004653779789805412 39
1780067959900 0.003897961461916566 40
1780067963418 -0.0016403875779360533 41
1780067966937 0.002084057778120041 42
1780067970420 0.002237528096884489 43
1780067973873 -0.0019638061057776213 44
1780067977378 0.0006166702369228005 45
1780067980887 0.0023891169112175703 46
1780067984387 0.0011660450836643577 47
1780067987906 0.0008586590993218124 48
1780067991271 -0.0005644464981742203 49
1780067994469 0.003037006827071309 50
1780067997699 0.004828660283237696 51
1780068000895 0.0030038440600037575 52
1780068004073 0.0025553626473993063 53
1780068007220 0.0040273163467645645 54
1780068010384 0.005845991428941488 55
1780068013600 -0.0012579681351780891 56
1780068016796 0.002185516757890582 57
1780068019998 0.0034332480281591415 58
1780068023279 0.004821006674319506 59
1780068026532 0.0004241128917783499 60
1780068029817 -0.00030000615515746176 61
1780068033091 0.0009658136987127364 62
1780068036428 -0.002664655912667513 63
1780068039779 0.0005255597061477602 64
1780068043100 -0.00018353963969275355 65
1780068046434 -0.0018945616902783513 66
1780068049738 -0.0002718133619055152 67
1780068052970 -0.001982889138162136 68
