1780067831678 0.30300616882505177 1
1780067834830 0.29249131492089014 2
1780067838053 0.28531919662342514 3
1780067841388 0.23212519680281773 4
1780067844911 0.21294996573197916 5
1780067848388 0.20632664000036602 6
1780067851854 0.20066624338764216 7
1780067855349 0.1977409233849094 8
1780067858876 0.1950769736638281 9
1780067862431 0.1923493153827135 10
1780067865906 0.1912953415550843 11
1780067869393 0.18862827964142814 12
1780067872612 0.18710445163743944 13
1780067875775 0.18612849321728278 14
1780067878966 0.1846092752088452 15
1780067882211 0.18311659320716375 16
1780067885397 0.18196437253476955 17
1780067888593 0.1808266668220151 18
1780067891806 0.18090731588371461 19
1780067895053 0.17897844862736303 20
1780067898254 0.17716371958748484 21
1780067901489 0.17684795290042685 22
1780067904742 0.17512191920275416 23
1780067908058 0.17463102493332758 24
1780067911322 0.1740940210053079 25
1780067914626 0.1725656871406271 26
1780067917871 0.17187312246156544 27
1780067921134 0.17174544205877293 28
1780067924438 0.170129892957765 29
1780067927731 0.1697506597600326 30
1780067931011 0.16960091018620052 31
1780067934253 0.16894151332608992 32
1780067937459 0.16874056035381038 33
1780067940675 0.16730509920490721 34
1780067943890 0.16679629325142117 35
1780067947068 0.166270431485539 36
1780067950240 0.16658375743800188 37
1780067953445 0.1655679549037402 38
1780067956652 0.16527277859711495 39
1780067959900 0.1648608376577213 40
1780067963418 0.16453361101684813 41
1780067966937 0.16461716003983773 42
1780067970420 0.1625743643410236 43
1780067973873 0.1653145845609286 44
1780067977378 0.16395003226512833 45
1780067980887 0.16362355394292835 46
1780067984387 0.16314727144343405 47
1780067987906 0.16305991119644103 48
1780067991271 0.1625279187762334 49
1780067994469 0.17305425856947645 50
1780067997699 0.16168454953372857 51
1780068000895 0.1611910567837462 52
1780068004073 0.1606299258674048 53
1780068007220 0.1602131585348358 54
1780068010384 0.16044313529896181 55
1780068013600 0.1590925240475708 56
1780068016796 0.15980159046313475 57
1780068019998 0.15830356193741835 58
1780068023279 0.15916386034820096 59
1780068026532 0.15801067961415327 60
1780068029817 0.15721333158413148 61
1780068033091 0.15941861967298243 62
1780068036428 0.1587651282564656 63
1780068039779 0.15781131445038393 64
1780068043100 0.1582775169680285 65
1780068046434 0.1578315647582801 66
1780068049738 0.156386749373934 67
1780068052970 0.15833986801022454 68
