1780067831678 0.0525420717895031 1
1780067834830 0.05184782296419144 2
1780067838053 0.0484074205160141 3
1780067841388 0.045428965240716934 4
1780067844911 0.04439552128314972 5
1780067848388 0.044640280306339264 6
1780067851854 0.043303340673446655 7
1780067855349 0.04328833892941475 8
1780067858876 0.04346125200390816 9
1780067862431 0.04200849309563637 10
1780067865906 0.04220011457800865 11
1780067869393 0.041694775223731995 12
1780067872612 0.04157636687159538 13
1780067875775 0.041591789573431015 14
1780067878966 0.041342731565237045 15
1780067882211 0.041187871247529984 16
1780067885397 0.041355933994054794 17
1780067888593 0.04137658700346947 18
1780067891806 0.041126176714897156 19
1780067895053 0.04091671481728554 20
1780067898254 0.04088185727596283 21
1780067901489 0.040877025574445724 22
1780067904742 0.0400933139026165 23
1780067908058 0.04022056981921196 24
1780067911322 0.040170032531023026 25
1780067914626 0.03964214771986008 26
1780067917871 0.03948620334267616 27
1780067921134 0.03953475132584572 28
1780067924438 0.04036308452486992 29
1780067927731 0.039718691259622574 30
1780067931011 0.03885475918650627 31
1780067934253 0.03892695903778076 32
1780067937459 0.03901461139321327 33
1780067940675 0.03893587365746498 34
1780067943890 0.03889996185898781 35
1780067947068 0.039075396955013275 36
1780067950240 0.038752105087041855 37
1780067953445 0.039189741015434265 38
1780067956652 0.03891006484627724 39
1780067959900 0.03837622329592705 40
1780067963418 0.03808397054672241 41
1780067966937 0.038764048367738724 42
1780067970420 0.03815539553761482 43
1780067973873 0.03896848484873772 44
1780067977378 0.03778514638543129 45
1780067980887 0.03834487870335579 46
1780067984387 0.03801995888352394 47
1780067987906 0.0385902002453804 48
1780067991271 0.03777452930808067 49
1780067994469 0.03798326104879379 50
1780067997699 0.03775927051901817 51
1780068000895 0.03780045360326767 52
1780068004073 0.03892694041132927 53
1780068007220 0.038008060306310654 54
1780068010384 0.03849630802869797 55
1780068013600 0.03747446835041046 56
1780068016796 0.037334948778152466 57
1780068019998 0.03775482997298241 58
1780068023279 0.03741094097495079 59
1780068026532 0.03734816238284111 60
1780068029817 0.03668873757123947 61
1780068033091 0.03712901100516319 62
1780068036428 0.037027694284915924 63
1780068039779 0.03682439774274826 64
1780068043100 0.03754428029060364 65
1780068046434 0.036373939365148544 66
1780068049738 0.037244416773319244 67
1780068052970 0.038368500769138336 68
