1780529841786 0.0018559463787823915 1
1780529845977 -0.0002000692329602316 2
1780529850011 -0.002469877013936639 3
1780529854125 0.002837719162926078 4
1780529858190 -0.000389512482797727 5
1780529862299 0.004974609240889549 6
1780529866342 -0.0014175418764352798 7
1780529870391 0.000160796960699372 8
1780529874512 -0.0012850984930992126 9
1780529878564 0.004921849817037582 10
1780529882610 0.0026029215659946203 11
1780529886674 -0.0010777544230222702 12
1780529890576 0.0018259752541780472 13
1780529894454 -0.004810662474483252 14
1780529898296 -0.0006248910212889314 15
1780529902176 -0.002742996672168374 16
1780529906065 -0.0013647564919665456 17
1780529909847 -0.000560574873816222 18
1780529913706 0.0017626361222937703 19
1780529917575 0.001224979991093278 20
1780529921378 0.0014417198253795505 21
1780529925203 0.0019118183990940452 22
1780529929032 0.0009784753201529384 23
1780529932879 0.004939438309520483 24
1780529936664 -0.0019571748562157154 25
1780529940413 -0.001079584821127355 26
1780529944164 0.0022624810226261616 27
1780529947969 0.0032933177426457405 28
1780529951761 0.005946968216449022 29
1780529955539 9.717366629047319e-05 30
1780529959366 0.0053708250634372234 31
1780529963183 0.0035729198716580868 32
1780529966949 0.0047655366361141205 33
1780529970785 0.0002746984828263521 34
1780529974518 0.003910465631633997 35
1780529978241 -0.0026865347754210234 36
1780529982333 0.000888077833224088 37
1780529986293 -0.0005241832113824785 38
1780529990204 0.002555825747549534 39
1780529994275 0.0010513607412576675 40
1780529998317 0.000287535396637395 41
1780530002279 0.0006224368698894978 42
1780530006322 0.002911297371610999 43
1780530010155 0.0019729160703718662 44
1780530013993 -0.003887547878548503 45
1780530017836 -0.0032584173604846 46
1780530021673 0.00021894487144891173 47
1780530025514 0.004631880670785904 48
1780530029338 0.003354013664647937 49
1780530033124 -0.0027224638033658266 50
1780530036946 -0.0031273160129785538 51
1780530040766 -0.0014428761787712574 52
1780530044607 0.0011137916008010507 53
1780530048376 0.000427447899710387 54
1780530052130 -0.002588561037555337 55
1780530055900 -0.004421217367053032 56
1780530059701 0.0020593490917235613 57
1780530063483 -0.005311221815645695 58
1780530067368 0.006480944808572531 59
1780530071150 0.000795822124928236 60
1780530074937 0.00019820936722680926 61
1780530078725 -0.001078432658687234 62
1780530082500 0.0005377038032747805 63
1780530086284 0.00021617006859742105 64
1780530090142 0.0001333572727162391 65
1780530093877 -0.003962037153542042 66
1780530097697 -0.0013448545942083001 67
1780530102178 -0.002218250185251236 68
1780530106598 -0.002723017241805792 69
1780530110916 -0.0018495768308639526 70
1780530115288 -0.0026747321244329214 71
1780530119814 -0.0037127335090190172 72
1780530124392 -0.0028252017218619585 73
1780530128746 0.0006721136160194874 74
1780530132997 0.001945525873452425 75
1780530137350 0.0006499540177173913 76
1780530141628 -0.0021085881162434816 77
1780530145811 0.00020226914784871042 78
1780530150201 -0.0005047381855547428 79
1780530154376 0.001392371952533722 80
1780530158776 -0.0006036321865394711 81
1780530162994 -0.0004522638628259301 82
1780530167296 0.0005145346513018012 83
1780530171465 -0.0030624517239630222 84
1780530175764 0.006615865509957075 85
1780530179938 -0.0017897146753966808 86
1780530184310 0.000634357740636915 87
1780530188478 0.0028911030385643244 88
1780530192263 0.003935944754630327 89
1780530196048 0.0012121793115511537 90
1780530199830 0.001648233155719936 91
1780530203576 0.0020648136269301176 92
1780530207283 8.493915811413899e-05 93
1780530211046 -0.0008662787731736898 94
1780530214737 0.00045547031913883984 95
1780530218511 0.0015244752867147326 96
1780530222382 -0.0017110357293859124 97
1780530226188 0.0012627271935343742 98
1780530230020 0.001152558485046029 99
1780530233823 -0.0005083858850412071 100
