1780529841786 0.03260013461112976 1
1780529845977 0.03221270069479942 2
1780529850011 0.03225521370768547 3
1780529854125 0.03220655769109726 4
1780529858190 0.03260825574398041 5
1780529862299 0.03262891620397568 6
1780529866342 0.031989872455596924 7
1780529870391 0.03215290606021881 8
1780529874512 0.03137233108282089 9
1780529878564 0.030175991356372833 10
1780529882610 0.028508441522717476 11
1780529886674 0.026884004473686218 12
1780529890576 0.02629665844142437 13
1780529894454 0.026344891637563705 14
1780529898296 0.025338634848594666 15
1780529902176 0.025924526154994965 16
1780529906065 0.02536131627857685 17
1780529909847 0.024925069883465767 18
1780529913706 0.024712184444069862 19
1780529917575 0.02505711279809475 20
1780529921378 0.024828119203448296 21
1780529925203 0.025098569691181183 22
1780529929032 0.02436128258705139 23
1780529932879 0.024605832993984222 24
1780529936664 0.024778395891189575 25
1780529940413 0.024318475276231766 26
1780529944164 0.024237463250756264 27
1780529947969 0.024401802569627762 28
1780529951761 0.024707162752747536 29
1780529955539 0.024393150582909584 30
1780529959366 0.024945303797721863 31
1780529963183 0.02374286577105522 32
1780529966949 0.024241074919700623 33
1780529970785 0.023580066859722137 34
1780529974518 0.02393053099513054 35
1780529978241 0.023897120729088783 36
1780529982333 0.023205440491437912 37
1780529986293 0.023618008941411972 38
1780529990204 0.023358384147286415 39
1780529994275 0.02350895293056965 40
1780529998317 0.023332906886935234 41
1780530002279 0.02323082648217678 42
1780530006322 0.023325016722083092 43
1780530010155 0.023300429806113243 44
1780530013993 0.023324336856603622 45
1780530017836 0.023481905460357666 46
1780530021673 0.02292744815349579 47
1780530025514 0.023267559707164764 48
1780530029338 0.02330811321735382 49
1780530033124 0.023263433948159218 50
1780530036946 0.023341236636042595 51
1780530040766 0.02289772778749466 52
1780530044607 0.02266838401556015 53
1780530048376 0.023085054010152817 54
1780530052130 0.023210063576698303 55
1780530055900 0.02344338782131672 56
1780530059701 0.022566838189959526 57
1780530063483 0.02325480431318283 58
1780530067368 0.02363741770386696 59
1780530071150 0.02262095920741558 60
1780530074937 0.022598544135689735 61
1780530078725 0.022634871304035187 62
1780530082500 0.02263602241873741 63
1780530086284 0.022672008723020554 64
1780530090142 0.02247554063796997 65
1780530093877 0.023609895259141922 66
1780530097697 0.022503860294818878 67
1780530102178 0.022472195327281952 68
1780530106598 0.02253897115588188 69
1780530110916 0.02258465252816677 70
1780530115288 0.022461192682385445 71
1780530119814 0.023197202011942863 72
1780530124392 0.022500991821289062 73
1780530128746 0.02244185097515583 74
1780530132997 0.02239430695772171 75
1780530137350 0.022410571575164795 76
1780530141628 0.022548086941242218 77
1780530145811 0.022397462278604507 78
1780530150201 0.02231409028172493 79
1780530154376 0.022227197885513306 80
1780530158776 0.02201567403972149 81
1780530162994 0.02206234075129032 82
1780530167296 0.02227325364947319 83
1780530171465 0.022759104147553444 84
1780530175764 0.023227589204907417 85
1780530179938 0.022343050688505173 86
1780530184310 0.022031260654330254 87
1780530188478 0.02230152115225792 88
1780530192263 0.0226716510951519 89
1780530196048 0.02188890613615513 90
1780530199830 0.02191806398332119 91
1780530203576 0.0219102893024683 92
1780530207283 0.021855248138308525 93
1780530211046 0.02205142192542553 94
1780530214737 0.021849818527698517 95
1780530218511 0.02204199507832527 96
1780530222382 0.022126294672489166 97
1780530226188 0.02215735614299774 98
1780530230020 0.021819766610860825 99
1780530233823 0.021912258118391037 100
