1780529841786 0.1672428149781413 1
1780529845977 0.15145036255582187 2
1780529850011 0.15003661347127947 3
1780529854125 0.148271216332283 4
1780529858190 0.1477760136079052 5
1780529862299 0.14674983284368834 6
1780529866342 0.14626992743229306 7
1780529870391 0.14528151437531245 8
1780529874512 0.14356470092901072 9
1780529878564 0.13770246103248587 10
1780529882610 0.12211405777294494 11
1780529886674 0.11366766686668539 12
1780529890576 0.11021893489031555 13
1780529894454 0.10753177915291995 14
1780529898296 0.1053985782742355 15
1780529902176 0.10279733594733946 16
1780529906065 0.10176667638855383 17
1780529909847 0.10009001324650817 18
1780529913706 0.09897661378575379 19
1780529917575 0.09806362261419176 20
1780529921378 0.09781424236687386 21
1780529925203 0.09628364215298554 22
1780529929032 0.09608585133870184 23
1780529932879 0.09577585655097356 24
1780529936664 0.0944441922045306 25
1780529940413 0.09432805899400522 26
1780529944164 0.09318409738782264 27
1780529947969 0.09365356298637138 28
1780529951761 0.09300650789074835 29
1780529955539 0.09246312960026033 30
1780529959366 0.09201815730727948 31
1780529963183 0.09161620649450877 32
1780529966949 0.09101560416197893 33
1780529970785 0.09040541131621352 34
1780529974518 0.09010880165994409 35
1780529978241 0.08966569124647604 36
1780529982333 0.08920421358727518 37
1780529986293 0.08877577608153163 38
1780529990204 0.08805791270759511 39
1780529994275 0.08800230465472277 40
1780529998317 0.0880039141556531 41
1780530002279 0.08750326636419076 42
1780530006322 0.08700875482490933 43
1780530010155 0.0870903538832037 44
1780530013993 0.08655153007029422 45
1780530017836 0.0865484024091623 46
1780530021673 0.08675375309334743 47
1780530025514 0.08604150395280553 48
1780530029338 0.08579246875331423 49
1780530033124 0.08606052898917617 50
1780530036946 0.08562811797864547 51
1780530040766 0.08538519825020716 52
1780530044607 0.08503689691363846 53
1780530048376 0.08475415109922303 54
1780530052130 0.08473599167990065 55
1780530055900 0.08424284917118587 56
1780530059701 0.08428294136878148 57
1780530063483 0.0837953295755396 58
1780530067368 0.08376170170684832 59
1780530071150 0.08421714372545554 60
1780530074937 0.08340054903569791 61
1780530078725 0.08334910211090533 62
1780530082500 0.08331558209103264 63
1780530086284 0.08324659274698853 64
1780530090142 0.08315224635053901 65
1780530093877 0.08326094341256288 66
1780530097697 0.08253656294133294 67
1780530102178 0.08238055448370867 68
1780530106598 0.0826805299927218 69
1780530110916 0.08246831062675782 70
1780530115288 0.08222952417902206 71
1780530119814 0.08194969776052465 72
1780530124392 0.08178586358466253 73
1780530128746 0.08167500429575662 74
1780530132997 0.08118729833679941 75
1780530137350 0.0812927257454221 76
1780530141628 0.08108374890723817 77
1780530145811 0.08117324172554706 78
1780530150201 0.08132146573364493 79
1780530154376 0.08088875294433776 80
1780530158776 0.08103699756409462 81
1780530162994 0.08101533158893366 82
1780530167296 0.08020705280025058 83
1780530171465 0.08049955360960612 84
1780530175764 0.08049206332788537 85
1780530179938 0.08000657248978785 86
1780530184310 0.080569830731429 87
1780530188478 0.07991355922372723 88
1780530192263 0.0798559995091223 89
1780530196048 0.08009656044184726 90
1780530199830 0.07980978883542635 91
1780530203576 0.07979284179685175 92
1780530207283 0.07981236256616664 93
1780530211046 0.0797542765960521 94
1780530214737 0.07930825685493642 95
1780530218511 0.07939887296780641 96
1780530222382 0.07925113395255916 97
1780530226188 0.07934285288602477 98
1780530230020 0.07934411186618984 99
1780530233823 0.07927240729089871 100
