1780529841786 0.05332743376493454 1
1780529845977 0.05270501598715782 2
1780529850011 0.05259552225470543 3
1780529854125 0.052461106330156326 4
1780529858190 0.052357032895088196 5
1780529862299 0.05251413211226463 6
1780529866342 0.05206679925322533 7
1780529870391 0.052077848464250565 8
1780529874512 0.051922813057899475 9
1780529878564 0.050451986491680145 10
1780529882610 0.04829355329275131 11
1780529886674 0.04727927967905998 12
1780529890576 0.04691150039434433 13
1780529894454 0.04674533009529114 14
1780529898296 0.046193189918994904 15
1780529902176 0.04626646265387535 16
1780529906065 0.045888952910900116 17
1780529909847 0.045455362647771835 18
1780529913706 0.04520934447646141 19
1780529917575 0.045416224747896194 20
1780529921378 0.0453166626393795 21
1780529925203 0.04551388695836067 22
1780529929032 0.0449562668800354 23
1780529932879 0.045061878859996796 24
1780529936664 0.04503278806805611 25
1780529940413 0.04471733793616295 26
1780529944164 0.044850412756204605 27
1780529947969 0.04501043260097504 28
1780529951761 0.04488510638475418 29
1780529955539 0.0445217490196228 30
1780529959366 0.04473264515399933 31
1780529963183 0.04448419436812401 32
1780529966949 0.04432347044348717 33
1780529970785 0.04409681260585785 34
1780529974518 0.044363584369421005 35
1780529978241 0.04417652264237404 36
1780529982333 0.043637119233608246 37
1780529986293 0.044025588780641556 38
1780529990204 0.04389255866408348 39
1780529994275 0.04387400671839714 40
1780529998317 0.04374633729457855 41
1780530002279 0.04358730465173721 42
1780530006322 0.04382389038801193 43
1780530010155 0.043460335582494736 44
1780530013993 0.04348957538604736 45
1780530017836 0.04364851862192154 46
1780530021673 0.043480660766363144 47
1780530025514 0.043699730187654495 48
1780530029338 0.04341139271855354 49
1780530033124 0.0434761717915535 50
1780530036946 0.04349128156900406 51
1780530040766 0.043203629553318024 52
1780530044607 0.04310762137174606 53
1780530048376 0.04325846955180168 54
1780530052130 0.04325566068291664 55
1780530055900 0.04330598935484886 56
1780530059701 0.0428437776863575 57
1780530063483 0.04311492666602135 58
1780530067368 0.04360976815223694 59
1780530071150 0.04283108189702034 60
1780530074937 0.04279856011271477 61
1780530078725 0.04285295307636261 62
1780530082500 0.042723700404167175 63
1780530086284 0.042908310890197754 64
1780530090142 0.042732514441013336 65
1780530093877 0.04346185550093651 66
1780530097697 0.04245392605662346 67
1780530102178 0.04257236421108246 68
1780530106598 0.04239300265908241 69
1780530110916 0.0424434170126915 70
1780530115288 0.0423649400472641 71
1780530119814 0.04279731959104538 72
1780530124392 0.04230143874883652 73
1780530128746 0.04211894050240517 74
1780530132997 0.0423518642783165 75
1780530137350 0.04205944761633873 76
1780530141628 0.042259883135557175 77
1780530145811 0.0421474426984787 78
1780530150201 0.04202066361904144 79
1780530154376 0.04189686104655266 80
1780530158776 0.04162384569644928 81
1780530162994 0.041687965393066406 82
1780530167296 0.04185514897108078 83
1780530171465 0.04214023798704147 84
1780530175764 0.04291938617825508 85
1780530179938 0.04164610803127289 86
1780530184310 0.041643258184194565 87
1780530188478 0.04177747666835785 88
1780530192263 0.042263180017471313 89
1780530196048 0.04143386706709862 90
1780530199830 0.04145125672221184 91
1780530203576 0.04150591790676117 92
1780530207283 0.041361480951309204 93
1780530211046 0.04155213013291359 94
1780530214737 0.04151759296655655 95
1780530218511 0.04139699786901474 96
1780530222382 0.041604507714509964 97
1780530226188 0.04152308404445648 98
1780530230020 0.041270527988672256 99
1780530233823 0.041094668209552765 100
