1780063287969 0.05224063619971275 1
1780063331836 0.050933439284563065 2
1780063375740 0.051187191158533096 3
1780063419954 0.05175522714853287 4
1780063463768 0.05017301067709923 5
1780063507703 0.04618411138653755 6
1780063551645 0.045275866985321045 7
1780063595552 0.044373176991939545 8
1780063639417 0.043980713933706284 9
1780063683325 0.04456134885549545 10
1780063727219 0.04371647536754608 11
1780063772888 0.04365091770887375 12
1780063816783 0.04315998777747154 13
1780063860782 0.04321613907814026 14
1780063905278 0.04396141320466995 15
1780063950535 0.043111130595207214 16
1780063994382 0.044945213943719864 17
1780064038330 0.043290503323078156 18
1780064082187 0.04259699955582619 19
1780064126173 0.0424773208796978 20
1780064170106 0.04248063638806343 21
1780064213985 0.042522791773080826 22
1780064258056 0.042300570756196976 23
1780064302900 0.04281863570213318 24
1780064346762 0.04190443083643913 25
1780064390781 0.04221517965197563 26
1780064435281 0.04217803478240967 27
1780064479253 0.041720498353242874 28
1780064523203 0.041864119470119476 29
1780064567203 0.04230789467692375 30
1780064611168 0.04178859293460846 31
