1780063287969 0.008660427294671535 1
1780063331836 0.002213358646258712 2
1780063375740 0.004137570504099131 3
1780063419954 0.003846043022349477 4
1780063463768 0.0005448509473353624 5
1780063507703 0.0025749211199581623 6
1780063551645 -0.000878395396284759 7
1780063595552 -0.0048467558808624744 8
1780063639417 -0.0017234771512448788 9
1780063683325 -0.00035995984217152 10
1780063727219 -0.0022447442170232534 11
1780063772888 -0.0035004985984414816 12
1780063816783 0.0033455882221460342 13
1780063860782 -0.0050679524429142475 14
1780063905278 0.0012645135866478086 15
1780063950535 -0.0006415972602553666 16
1780063994382 0.001851373352110386 17
1780064038330 0.002927938476204872 18
1780064082187 -0.001809975365176797 19
1780064126173 -0.0048103295266628265 20
1780064170106 0.0006350524490699172 21
1780064213985 -0.00028671533800661564 22
1780064258056 0.0006750570610165596 23
1780064302900 0.0029900209046900272 24
1780064346762 0.0012027444317936897 25
1780064390781 -0.0011937064118683338 26
1780064435281 0.0013886337401345372 27
1780064479253 -0.002469705417752266 28
1780064523203 -0.00013986293924972415 29
1780064567203 0.002116265008226037 30
1780064611168 -0.0026635366957634687 31
