1780063287969 0.20859986833487706 1
1780063331836 0.19618712695626578 2
1780063375740 0.1936619462598958 3
1780063419954 0.1924873801149097 4
1780063463768 0.18990726487014056 5
1780063507703 0.1782524403791095 6
1780063551645 0.15338569451084097 7
1780063595552 0.13943270840002794 8
1780063639417 0.13576679044731954 9
1780063683325 0.15687613243957782 10
1780063727219 0.13524494832873848 11
1780063772888 0.13162641617101292 12
1780063816783 0.13023661790970895 13
1780063860782 0.12641996741846173 14
1780063905278 0.14383968685696544 15
1780063950535 0.12936022838313785 16
1780063994382 0.14479396307553474 17
1780064038330 0.13437883143586915 18
1780064082187 0.12516049659529396 19
1780064126173 0.12441393499898608 20
1780064170106 0.1300706579477918 21
1780064213985 0.1231474682499692 22
1780064258056 0.12197276432437322 23
1780064302900 0.12780609769829357 24
1780064346762 0.12085759353845618 25
1780064390781 0.12056392817964766 26
1780064435281 0.1186939278700198 27
1780064479253 0.1202502083505876 28
1780064523203 0.1195742832319555 29
1780064567203 0.11751092151279934 30
1780064611168 0.11750625086904959 31
