1780063287969 0.033235419541597366 1
1780063331836 0.032211873680353165 2
1780063375740 0.0315086804330349 3
1780063419954 0.03158898651599884 4
1780063463768 0.03142549842596054 5
1780063507703 0.026103157550096512 6
1780063551645 0.024814002215862274 7
1780063595552 0.02515026554465294 8
1780063639417 0.024322692304849625 9
1780063683325 0.024683242663741112 10
1780063727219 0.024656975641846657 11
1780063772888 0.02447614260017872 12
1780063816783 0.023631680756807327 13
1780063860782 0.024356242269277573 14
1780063905278 0.024754473939538002 15
1780063950535 0.02387247607111931 16
1780063994382 0.025824807584285736 17
1780064038330 0.023994185030460358 18
1780064082187 0.023571670055389404 19
1780064126173 0.024121522903442383 20
1780064170106 0.023363029584288597 21
1780064213985 0.023421363905072212 22
1780064258056 0.02383950911462307 23
1780064302900 0.023414671421051025 24
1780064346762 0.022765958681702614 25
1780064390781 0.023240162059664726 26
1780064435281 0.02297741174697876 27
1780064479253 0.02315588854253292 28
1780064523203 0.02315179444849491 29
1780064567203 0.023384518921375275 30
1780064611168 0.023317601531744003 31
