1780056512552 0.3502394697189835 1
1780056515735 0.335100681424519 2
1780056518853 0.3329667641798991 3
1780056521999 0.3304171842418564 4
1780056525101 0.31461464145848916 5
1780056528270 0.2817278427660591 6
1780056531283 0.26718974207974894 7
1780056534170 0.26041279655997396 8
1780056536997 0.2557938217360676 9
1780056539837 0.25284034809211847 10
1780056542559 0.24958505462579444 11
1780056545346 0.24691876329591864 12
1780056548157 0.24537124607641148 13
1780056551054 0.24310120538538657 14
1780056553904 0.24232874056186535 15
1780056556647 0.24024018988674842 16
1780056559540 0.23859244752005845 17
1780056562860 0.23806287066313983 18
1780056566310 0.23599846793405602 19
1780056569769 0.2347610978602607 20
1780056573166 0.23387172945773121 21
1780056576553 0.2321345661520706 22
1780056579992 0.23152728024358224 23
1780056583390 0.23090569802557942 24
1780056586734 0.23051698835877737 25
1780056590014 0.22949873301619958 26
1780056592739 0.2287437266829654 27
1780056595400 0.2286586335862162 28
1780056598084 0.22858433532538425 29
1780056600769 0.2281180057383239 30
1780056603478 0.2262224730490126 31
1780056606197 0.22524448074636702 32
1780056608876 0.22524930082308817 33
1780056611559 0.22460758067021663 34
1780056614239 0.22455265403707486 35
1780056616979 0.22374857941654216 36
1780056619702 0.2226465239837356 37
1780056622845 0.2229996487718808 38
1780056625900 0.22222507335481886 39
1780056629061 0.22151936218930096 40
1780056632184 0.22116004214100304 41
1780056635343 0.22090193130721753 42
1780056638478 0.22042003986730888 43
1780056641584 0.22051627123551187 44
1780056644793 0.22005551510803542 45
1780056647907 0.21915668680728365 46
1780056650929 0.2186212145878951 47
1780056653827 0.2174905654964437 48
1780056656570 0.21780995704060377 49
1780056659370 0.21788329498775413 50
1780056662169 0.2178434192677507 51
1780056665096 0.21762103497603982 52
1780056668001 0.21618463135231877 53
1780056670891 0.2165102087764609 54
1780056673695 0.21559347893578054 55
1780056676588 0.21512324764663018 56
1780056679444 0.2146141937368768 57
1780056682845 0.21483763658597152 58
1780056686285 0.21437783898435234 59
1780056689644 0.213646932514916 60
1780056692991 0.21388626760994153 61
1780056696399 0.21339811990332905 62
1780056699783 0.21269768194529773 63
1780056703168 0.2127168384748836 64
1780056706573 0.21275511470644973 65
1780056709923 0.21164564478819517 66
1780056712777 0.21115384654124242 67
1780056715695 0.21193477837467295 68
1780056718480 0.21148432156437294 69
1780056721302 0.21027217491925645 70
1780056724187 0.20969294670016267 71
1780056727043 0.21122638837101596 72
1780056729893 0.21049038387724764 73
1780056732740 0.20956122035645028 74
1780056735559 0.20947346458286362 75
1780056738403 0.20855997381515282 76
1780056741506 0.20887388112555094 77
1780056744625 0.20944927041330247 78
1780056747774 0.20869499904125235 79
1780056750800 0.20795481176318376 80
1780056753930 0.20809358871890424 81
1780056756997 0.2075802317129381 82
1780056760106 0.20701187163055826 83
1780056763216 0.207405367121888 84
1780056766384 0.20754398739489138 85
1780056769562 0.20670435588657227 86
1780056772385 0.20646864155319225 87
1780056775218 0.20608011151941583 88
1780056778100 0.20650050390598385 89
1780056780959 0.20645970339250866 90
1780056783823 0.2057746200414717 91
1780056786613 0.205449418595994 92
1780056789449 0.20516060678638817 93
1780056792287 0.20511011774582794 94
1780056795076 0.20514713631781412 95
1780056797904 0.20510231853161504 96
1780056800822 0.20521300829490194 97
1780056804180 0.20379323461122542 98
1780056807450 0.2048666793104836 99
1780056810789 0.203986772515242 100
