1780056512552 -0.0012782294070348144 1
1780056515735 -0.006969891954213381 2
1780056518853 -0.0011714876163750887 3
1780056521999 -0.0009853839874267578 4
1780056525101 -0.0035524507984519005 5
1780056528270 0.002441636985167861 6
1780056531283 -0.0010765371844172478 7
1780056534170 -0.0037000630982220173 8
1780056536997 0.004724425729364157 9
1780056539837 9.518599108560011e-05 10
1780056542559 0.004786724224686623 11
1780056545346 -0.00159964500926435 12
1780056548157 -0.004070552997291088 13
1780056551054 0.0030081644654273987 14
1780056553904 -0.0004715597606264055 15
1780056556647 -0.00014806483522988856 16
1780056559540 -0.0027919006533920765 17
1780056562860 0.002722696401178837 18
1780056566310 0.0015996689908206463 19
1780056569769 -0.0019450302934274077 20
1780056573166 0.00510548148304224 21
1780056576553 -0.0008956495439633727 22
1780056579992 0.0018417740939185023 23
1780056583390 0.0052425130270421505 24
1780056586734 0.0014146461617201567 25
1780056590014 0.0016715354286134243 26
1780056592739 -0.0018548399675637484 27
1780056595400 0.0028603337705135345 28
1780056598084 0.0012456105323508382 29
1780056600769 0.0021055566612631083 30
1780056603478 0.003102377988398075 31
1780056606197 0.001990420510992408 32
1780056608876 0.002082177670672536 33
1780056611559 0.0013293534284457564 34
1780056614239 0.00030179976602084935 35
1780056616979 0.0006938657024875283 36
1780056619702 0.0016547179548069835 37
1780056622845 0.0024178444873541594 38
1780056625900 0.003569073509424925 39
1780056629061 0.0015440798597410321 40
1780056632184 0.002260855631902814 41
1780056635343 0.0012935197446495295 42
1780056638478 0.0030464492738246918 43
1780056641584 -0.0005435249768197536 44
1780056644793 -0.00018948681827168912 45
1780056647907 0.0009269662550650537 46
1780056650929 0.0012311870232224464 47
1780056653827 0.00038047449197620153 48
1780056656570 0.001765102264471352 49
1780056659370 -0.0013537212507799268 50
1780056662169 -0.001369542209431529 51
1780056665096 0.002815516199916601 52
1780056668001 0.001441124128177762 53
1780056670891 0.002795008011162281 54
1780056673695 0.0016974968602880836 55
1780056676588 -0.002129505854099989 56
1780056679444 0.003528924658894539 57
1780056682845 0.0028499062173068523 58
1780056686285 0.0024631936103105545 59
1780056689644 -0.00032194535015150905 60
1780056692991 -0.0007974242907948792 61
1780056696399 0.002009069314226508 62
1780056699783 -0.0004231817729305476 63
1780056703168 0.002215826651081443 64
1780056706573 0.0011082054115831852 65
1780056709923 -0.0004440600168891251 66
1780056712777 -7.848162204027176e-05 67
1780056715695 0.004497250076383352 68
1780056718480 -0.0009364444413222373 69
1780056721302 0.0038651060312986374 70
1780056724187 0.0021306807175278664 71
1780056727043 0.0016047050012275577 72
1780056729893 0.0004057749465573579 73
1780056732740 0.0025101930368691683 74
1780056735559 0.0013157004723325372 75
1780056738403 -0.00207704515196383 76
1780056741506 0.003884986275807023 77
1780056744625 0.0012951957760378718 78
1780056747774 0.0010174643248319626 79
1780056750800 -0.0006408230983652174 80
1780056753930 0.003061835188418627 81
1780056756997 -0.0027519427239894867 82
1780056760106 0.0001759221195243299 83
1780056763216 0.00247202068567276 84
1780056766384 0.0019546756520867348 85
1780056769562 0.0015602679923176765 86
1780056772385 0.0031743068248033524 87
1780056775218 0.00020193814998492599 88
1780056778100 0.004293902311474085 89
1780056780959 9.99754702206701e-05 90
1780056783823 0.0019252006895840168 91
1780056786613 0.0009531129617244005 92
1780056789449 0.0013216349761933088 93
1780056792287 -0.001622509676963091 94
1780056795076 -0.0009727205033414066 95
1780056797904 0.0006764155114069581 96
1780056800822 0.0022407807409763336 97
1780056804180 -0.0005007644067518413 98
1780056807450 0.0016647614538669586 99
1780056810789 0.0007558864308521152 100
