1780056512552 0.05170503258705139 1
1780056515735 0.05213883891701698 2
1780056518853 0.051319584250450134 3
1780056521999 0.0511384941637516 4
1780056525101 0.04866177216172218 5
1780056528270 0.04680385813117027 6
1780056531283 0.045964565128088 7
1780056534170 0.045459769666194916 8
1780056536997 0.045411549508571625 9
1780056539837 0.04473681375384331 10
1780056542559 0.044499851763248444 11
1780056545346 0.04378216713666916 12
1780056548157 0.04367735609412193 13
1780056551054 0.04366764426231384 14
1780056553904 0.043334562331438065 15
1780056556647 0.04305053502321243 16
1780056559540 0.04338516667485237 17
1780056562860 0.04334855452179909 18
1780056566310 0.042721591889858246 19
1780056569769 0.04342641308903694 20
1780056573166 0.04271295666694641 21
1780056576553 0.04223335161805153 22
1780056579992 0.04242107272148132 23
1780056583390 0.04301747679710388 24
1780056586734 0.042199574410915375 25
1780056590014 0.042046111077070236 26
1780056592739 0.04197533428668976 27
1780056595400 0.042010243982076645 28
1780056598084 0.04186883941292763 29
1780056600769 0.04191804304718971 30
1780056603478 0.04178279638290405 31
1780056606197 0.04139716923236847 32
1780056608876 0.0415194071829319 33
1780056611559 0.04128531366586685 34
1780056614239 0.04172462224960327 35
1780056616979 0.041439324617385864 36
1780056619702 0.041137032210826874 37
1780056622845 0.041106030344963074 38
1780056625900 0.04142719507217407 39
1780056629061 0.04086003452539444 40
1780056632184 0.041006214916706085 41
1780056635343 0.04134734347462654 42
1780056638478 0.04196242243051529 43
1780056641584 0.040909841656684875 44
1780056644793 0.04074394702911377 45
1780056647907 0.04090196266770363 46
1780056650929 0.040940675884485245 47
1780056653827 0.04077523574233055 48
1780056656570 0.04071716591715813 49
1780056659370 0.04058711975812912 50
1780056662169 0.040844883769750595 51
1780056665096 0.041220761835575104 52
1780056668001 0.04061957448720932 53
1780056670891 0.04123071953654289 54
1780056673695 0.04034113511443138 55
1780056676588 0.0404122956097126 56
1780056679444 0.040649477392435074 57
1780056682845 0.04105931892991066 58
1780056686285 0.04049510136246681 59
1780056689644 0.040166374295949936 60
1780056692991 0.04029643535614014 61
1780056696399 0.04030872881412506 62
1780056699783 0.04027179628610611 63
1780056703168 0.04018469527363777 64
1780056706573 0.040201056748628616 65
1780056709923 0.04014729708433151 66
1780056712777 0.04026105999946594 67
1780056715695 0.04032626003026962 68
1780056718480 0.04012828320264816 69
1780056721302 0.040263622999191284 70
1780056724187 0.04013572633266449 71
1780056727043 0.04036092758178711 72
1780056729893 0.04000844433903694 73
1780056732740 0.040071744471788406 74
1780056735559 0.03993263840675354 75
1780056738403 0.03994358330965042 76
1780056741506 0.04008105769753456 77
1780056744625 0.03976842388510704 78
1780056747774 0.03989547863602638 79
1780056750800 0.03960495814681053 80
1780056753930 0.03986964374780655 81
1780056756997 0.04025999829173088 82
1780056760106 0.039454661309719086 83
1780056763216 0.03983164206147194 84
1780056766384 0.039945702999830246 85
1780056769562 0.03976970911026001 86
1780056772385 0.039774201810359955 87
1780056775218 0.039553314447402954 88
1780056778100 0.040008243173360825 89
1780056780959 0.039524372667074203 90
1780056783823 0.039548322558403015 91
1780056786613 0.039457935839891434 92
1780056789449 0.03961138799786568 93
1780056792287 0.0392022505402565 94
1780056795076 0.039423342794179916 95
1780056797904 0.039361536502838135 96
1780056800822 0.03937109559774399 97
1780056804180 0.039373524487018585 98
1780056807450 0.039532072842121124 99
1780056810789 0.03934686630964279 100
