1780056512552 0.031406234949827194 1
1780056515735 0.03273046016693115 2
1780056518853 0.03108181431889534 3
1780056521999 0.030622102320194244 4
1780056525101 0.028071103617548943 5
1780056528270 0.025972401723265648 6
1780056531283 0.024728938937187195 7
1780056534170 0.024722442030906677 8
1780056536997 0.025094017386436462 9
1780056539837 0.02401641383767128 10
1780056542559 0.02416526898741722 11
1780056545346 0.0236783679574728 12
1780056548157 0.023764945566654205 13
1780056551054 0.023497337475419044 14
1780056553904 0.023389164358377457 15
1780056556647 0.023393822833895683 16
1780056559540 0.023620475083589554 17
1780056562860 0.023021381348371506 18
1780056566310 0.02258075587451458 19
1780056569769 0.02379932440817356 20
1780056573166 0.023631621152162552 21
1780056576553 0.022522516548633575 22
1780056579992 0.02272268384695053 23
1780056583390 0.02296450547873974 24
1780056586734 0.022058289498090744 25
1780056590014 0.022293923422694206 26
1780056592739 0.02216215990483761 27
1780056595400 0.021988624706864357 28
1780056598084 0.021787969395518303 29
1780056600769 0.02198842354118824 30
1780056603478 0.022198781371116638 31
1780056606197 0.021758995950222015 32
1780056608876 0.02173667773604393 33
1780056611559 0.02152983844280243 34
1780056614239 0.021850593388080597 35
1780056616979 0.02185199037194252 36
1780056619702 0.021317413076758385 37
1780056622845 0.021611887961626053 38
1780056625900 0.02149995230138302 39
1780056629061 0.02144826576113701 40
1780056632184 0.021312231197953224 41
1780056635343 0.02158062532544136 42
1780056638478 0.02181900665163994 43
1780056641584 0.021339697763323784 44
1780056644793 0.02108812890946865 45
1780056647907 0.021129349246621132 46
1780056650929 0.021073928102850914 47
1780056653827 0.02108917571604252 48
1780056656570 0.020913567394018173 49
1780056659370 0.021218596026301384 50
1780056662169 0.021205496042966843 51
1780056665096 0.02144641987979412 52
1780056668001 0.020837794989347458 53
1780056670891 0.02100452221930027 54
1780056673695 0.020735356956720352 55
1780056676588 0.021032897755503654 56
1780056679444 0.020722700282931328 57
1780056682845 0.021075770258903503 58
1780056686285 0.020588433369994164 59
1780056689644 0.02054947055876255 60
1780056692991 0.0206455010920763 61
1780056696399 0.020652497187256813 62
1780056699783 0.02040909230709076 63
1780056703168 0.020627707242965698 64
1780056706573 0.02054281160235405 65
1780056709923 0.02085033804178238 66
1780056712777 0.020378723740577698 67
1780056715695 0.02088254690170288 68
1780056718480 0.020548135042190552 69
1780056721302 0.020538149401545525 70
1780056724187 0.020329641178250313 71
1780056727043 0.020435504615306854 72
1780056729893 0.020416848361492157 73
1780056732740 0.020381417125463486 74
1780056735559 0.020027590915560722 75
1780056738403 0.0203392393887043 76
1780056741506 0.020198799669742584 77
1780056744625 0.020029401406645775 78
1780056747774 0.020292382687330246 79
1780056750800 0.020035039633512497 80
1780056753930 0.020130233839154243 81
1780056756997 0.020957959815859795 82
1780056760106 0.01971556432545185 83
1780056763216 0.01998894475400448 84
1780056766384 0.020197398960590363 85
1780056769562 0.020098213106393814 86
1780056772385 0.020045988261699677 87
1780056775218 0.01969495229423046 88
1780056778100 0.020164882764220238 89
1780056780959 0.019877778366208076 90
1780056783823 0.01990622654557228 91
1780056786613 0.019834227859973907 92
1780056789449 0.019722700119018555 93
1780056792287 0.019754573702812195 94
1780056795076 0.01989505998790264 95
1780056797904 0.019624968990683556 96
1780056800822 0.019859975203871727 97
1780056804180 0.02006116881966591 98
1780056807450 0.019696220755577087 99
1780056810789 0.01968345046043396 100
