1780537180593 0.05369503051042557 1
1780537189121 0.0542411282658577 2
1780537197903 0.05136120691895485 3
1780537206630 0.050367437303066254 4
1780537215617 0.04609840363264084 5
1780537224604 0.04530780017375946 6
1780537233428 0.04581195488572121 7
1780537242395 0.04476082697510719 8
1780537250828 0.04439752921462059 9
1780537259508 0.044373251497745514 10
1780537268422 0.04379625990986824 11
1780537277020 0.04394979774951935 12
1780537285837 0.04341154918074608 13
1780537294661 0.04371184483170509 14
1780537303588 0.04330394044518471 15
1780537312625 0.0429224818944931 16
1780537321476 0.04282919317483902 17
1780537330490 0.04272551089525223 18
1780537339426 0.04272952303290367 19
1780537348452 0.04315723851323128 20
