1780537180593 0.03296247869729996 1
1780537189121 0.03299340233206749 2
1780537197903 0.03331490233540535 3
1780537206630 0.02901354990899563 4
1780537215617 0.025533942505717278 5
1780537224604 0.024739855900406837 6
1780537233428 0.025543970987200737 7
1780537242395 0.02404901385307312 8
1780537250828 0.024038568139076233 9
1780537259508 0.02376927249133587 10
1780537268422 0.02349761128425598 11
1780537277020 0.023378977552056313 12
1780537285837 0.023176275193691254 13
1780537294661 0.02345338650047779 14
1780537303588 0.02301262691617012 15
1780537312625 0.022810572758316994 16
1780537321476 0.022842776030302048 17
1780537330490 0.02262260764837265 18
1780537339426 0.022538501769304276 19
1780537348452 0.023460064083337784 20
