1780537180593 0.18816796070453504 1
1780537189121 0.17828248374037003 2
1780537197903 0.16905634602717903 3
1780537206630 0.13770213590633762 4
1780537215617 0.12349557816667542 5
1780537224604 0.11760510914300051 6
1780537233428 0.11391537747278531 7
1780537242395 0.10973278770206615 8
1780537250828 0.10892460570284063 9
1780537259508 0.10698383562357613 10
1780537268422 0.1058027432682212 11
1780537277020 0.10413555232588592 12
1780537285837 0.10286068171867987 13
1780537294661 0.10228795123647423 14
1780537303588 0.10034412152877578 15
1780537312625 0.0995070418474589 16
1780537321476 0.0983249188092886 17
1780537330490 0.09719398850461605 18
1780537339426 0.09666112069854593 19
1780537348452 0.09653147113010904 20
