1780537180593 0.00015719066141173244 1
1780537189121 0.008501436561346054 2
1780537197903 0.007625248283147812 3
1780537206630 0.010675105266273022 4
1780537215617 0.00023492252512369305 5
1780537224604 0.0036576956044882536 6
1780537233428 -0.0018020626157522202 7
1780537242395 0.0014503730926662683 8
1780537250828 0.00021355427452363074 9
1780537259508 0.005299457348883152 10
1780537268422 -0.0010661096312105656 11
1780537277020 0.004377760458737612 12
1780537285837 -0.00122549245133996 13
1780537294661 -0.0031502386555075645 14
1780537303588 0.002218118868768215 15
1780537312625 0.0029965711291879416 16
1780537321476 -0.000735569279640913 17
1780537330490 0.0023892568424344063 18
1780537339426 0.002468597376719117 19
1780537348452 0.002071989234536886 20
