1779921103693 0.07543441653251648 1
1779921106560 0.07286573946475983 2
1779921109307 0.07101713120937347 3
1779921112089 0.07074012607336044 4
1779921114895 0.07044550031423569 5
1779921117571 0.0706431120634079 6
1779921120231 0.07026799023151398 7
1779921123075 0.07012471556663513 8
1779921125916 0.07047384977340698 9
1779921128732 0.06999768316745758 10
1779921131307 0.06979262083768845 11
1779921133819 0.06982193142175674 12
1779921136491 0.06991159170866013 13
1779921139188 0.06983824074268341 14
1779921142050 0.06987888365983963 15
1779921144731 0.06982951611280441 16
1779921147363 0.06977270543575287 17
1779921150088 0.06962690502405167 18
1779921152924 0.06978002935647964 19
1779921155517 0.06945307552814484 20
1779921158352 0.06944595277309418 21
1779921161232 0.07018914073705673 22
1779921163920 0.06972545385360718 23
1779921166562 0.06941191852092743 24
1779921169281 0.06946277618408203 25
1779921172108 0.06974774599075317 26
1779921174569 0.06940749287605286 27
1779921177045 0.06973343342542648 28
1779921179766 0.0692029595375061 29
1779921182580 0.0694383755326271 30
