1779921103693 0.0051091681234538555 1
1779921106560 0.0056743379682302475 2
1779921109307 0.0014560753479599953 3
1779921112089 0.0006916145794093609 4
1779921114895 0.0036049180198460817 5
1779921117571 0.0027067430783063173 6
1779921120231 0.0020097107626497746 7
1779921123075 -0.0007051287684589624 8
1779921125916 0.000596793310251087 9
1779921128732 0.0017102515557780862 10
1779921131307 -0.0012726141139864922 11
1779921133819 -0.0009108988451771438 12
1779921136491 -0.003449807409197092 13
1779921139188 0.0016574945766478777 14
1779921142050 0.006217446178197861 15
1779921144731 0.0046320450492203236 16
1779921147363 -0.005029661580920219 17
1779921150088 -0.0015403294237330556 18
1779921152924 -8.223463373724371e-05 19
1779921155517 0.0025681632105261087 20
1779921158352 0.0025560546200722456 21
1779921161232 0.0011091862106695771 22
1779921163920 -0.0035193823277950287 23
1779921166562 0.002199383219704032 24
1779921169281 -0.0036075154785066843 25
1779921172108 -0.004964777268469334 26
1779921174569 0.0007659762050025165 27
1779921177045 -0.0008701091865077615 28
1779921179766 0.004239292815327644 29
1779921182580 -0.002724697347730398 30
