1779921103693 0.030185051262378693 1
1779921106560 0.02650640159845352 2
1779921109307 0.023678969591856003 3
1779921112089 0.0226597860455513 4
1779921114895 0.02286035753786564 5
1779921117571 0.02217378467321396 6
1779921120231 0.021997954696416855 7
1779921123075 0.022117285057902336 8
1779921125916 0.022050580009818077 9
1779921128732 0.021687885746359825 10
1779921131307 0.021733013913035393 11
1779921133819 0.021805763244628906 12
1779921136491 0.021841470152139664 13
1779921139188 0.021618572995066643 14
1779921142050 0.021967781707644463 15
1779921144731 0.021631009876728058 16
1779921147363 0.021966708824038506 17
1779921150088 0.021476266905665398 18
1779921152924 0.021290723234415054 19
1779921155517 0.020843038335442543 20
1779921158352 0.021222718060016632 21
1779921161232 0.02260717563331127 22
1779921163920 0.021532941609621048 23
1779921166562 0.02090972289443016 24
1779921169281 0.021016458049416542 25
1779921172108 0.02167218178510666 26
1779921174569 0.020902352407574654 27
1779921177045 0.021224629133939743 28
1779921179766 0.02074512653052807 29
1779921182580 0.021480057388544083 30
