1779921103693 0.17657880279807678 1
1779921106560 0.16093361565519956 2
1779921109307 0.12461300672496317 3
1779921112089 0.11290812607310692 4
1779921114895 0.10875407508356348 5
1779921117571 0.10790194153334155 6
1779921120231 0.10629468009430022 7
1779921123075 0.1051896614055906 8
1779921125916 0.1047529023366444 9
1779921128732 0.1029365775393471 10
1779921131307 0.1018288910963647 11
1779921133819 0.10168970635894573 12
1779921136491 0.10236938466566818 13
1779921139188 0.10013144658288352 14
1779921142050 0.10034440165339423 15
1779921144731 0.09913424374766586 16
1779921147363 0.0992038019165684 17
1779921150088 0.09885133832138925 18
1779921152924 0.09825419939890216 19
1779921155517 0.09748971217488947 20
1779921158352 0.09695356293548073 21
1779921161232 0.09854911544845124 22
1779921163920 0.09947162319600747 23
1779921166562 0.09629452540013252 24
1779921169281 0.09649215226084733 25
1779921172108 0.09627792052924633 26
1779921174569 0.09523586084753193 27
1779921177045 0.09521396487910229 28
1779921179766 0.09459651942998581 29
1779921182580 0.09454453491269721 30
