1780053685935 0.15414119452112335 1
1780053714440 0.13872037133209816 2
1780053743030 0.13650303365434777 3
1780053771543 0.1361629492937261 4
1780053800010 0.13501202739492246 5
1780053828581 0.13487305592761262 6
1780053857021 0.134484249862689 7
1780053885491 0.13393170185355696 8
1780053914029 0.13400900848052671 9
1780053942508 0.13376911657268992 10
1780053970961 0.13374305576211792 11
1780053999483 0.1334218861936014 12
1780054027967 0.13337001984129476 13
1780054056552 0.13301748750959266 14
1780054085122 0.13306997590678654 15
1780054113609 0.13374302699721816 16
1780054142090 0.13266525068615057 17
1780054170671 0.1324740012612524 18
1780054199141 0.13238341773109596 19
1780054227715 0.13231573926622858 20
1780054256286 0.13168105297576527 21
1780054284803 0.13169927307196308 22
1780054313321 0.13087551896204927 23
1780054341874 0.13068610640392023 24
1780054370364 0.13058579911159562 25
1780054398917 0.13010024678606524 26
1780054427452 0.1300622564642238 27
1780054455935 0.12912476392863673 28
1780054484496 0.12906447930049292 29
1780054512964 0.12894834945850733 30
1780054541480 0.12859150072567574 31
1780054570082 0.12854248420472889 32
1780054598551 0.12857346909458628 33
1780054627025 0.12830971561780963 34
1780054655650 0.12829550541151424 35
1780054684118 0.12824339045502464 36
1780054712604 0.1282171380670765 37
1780054741163 0.12794545025639392 38
1780054769693 0.12786677775252217 39
1780054798195 0.12790739816075136 40
1780054826757 0.1277851896195472 41
1780054855228 0.12739898902580205 42
1780054883738 0.1269044292312634 43
1780054912346 0.12815610957548085 44
1780054940956 0.12724819122361736 45
1780054969437 0.12704450671682882 46
1780054997993 0.12662529527260785 47
1780055026535 0.12681232748026586 48
1780055055017 0.1269845966925601 49
1780055083570 0.12691345634842724 50
1780055112056 0.12671082353667368 51
1780055140680 0.12681076339277034 52
1780055169209 0.1267005789883529 53
1780055197656 0.12623380218880087 54
1780055226103 0.12629511499706703 55
1780055254686 0.12639961401118507 56
1780055283121 0.1263110561901507 57
1780055311633 0.12642218958476426 58
1780055340077 0.12597736499354809 59
1780055368581 0.1263270879848094 60
1780055397105 0.12605790668147526 61
1780055425576 0.1261007684255451 62
1780055454012 0.12592089107016471 63
1780055482570 0.1259862419673662 64
1780055511061 0.12593419692687344 65
1780055539483 0.12568195286808134 66
1780055567992 0.12596744082019298 67
1780055596439 0.12599986624994358 68
1780055624958 0.12607661524653938 69
1780055653471 0.12597026980878934 70
1780055681924 0.1257983672467968 71
1780055710374 0.12529378909350447 72
1780055738967 0.12600126133186404 73
1780055767549 0.12550732597142836 74
1780055796039 0.12556486504490366 75
1780055824673 0.12554427742455077 76
1780055853271 0.1257953352691755 77
1780055881755 0.12573495736730753 78
1780055910438 0.12574064335491084 79
1780055938919 0.12584395873269955 80
1780055967471 0.12557239560135305 81
1780055996033 0.12539674718923208 82
1780056024531 0.1255811614452032 83
1780056053022 0.12536632797763317 84
1780056081614 0.12567925597796462 85
1780056110153 0.12552146374676298 86
1780056138627 0.12509736613633762 87
1780056167174 0.12532623303967688 88
1780056195658 0.12524014994313445 89
1780056224184 0.12546655504260887 90
1780056252751 0.12488247661650935 91
1780056281224 0.1255078797350453 92
1780056309774 0.12535176064646195 93
1780056338385 0.1253145241221798 94
1780056366868 0.1253831788017277 95
1780056395458 0.12529881930426706 96
1780056423941 0.12482624812216699 97
1780056452476 0.1253468018606745 98
1780056481038 0.12517234632737526 99
1780056509516 0.12521334272270968 100
