1780053685935 0.03238576278090477 1
1780053714440 0.032311178743839264 2
1780053743030 0.032207831740379333 3
1780053771543 0.03268773853778839 4
1780053800010 0.032396309077739716 5
1780053828581 0.031857818365097046 6
1780053857021 0.03149433806538582 7
1780053885491 0.03200136125087738 8
1780053914029 0.03155754879117012 9
1780053942508 0.03203926235437393 10
1780053970961 0.03187132999300957 11
1780053999483 0.031182462349534035 12
1780054027967 0.03175848722457886 13
1780054056552 0.03224296122789383 14
1780054085122 0.031442880630493164 15
1780054113609 0.031861837953329086 16
1780054142090 0.03194645419716835 17
1780054170671 0.03164227679371834 18
1780054199141 0.032930564135313034 19
1780054227715 0.03252262994647026 20
1780054256286 0.03114050067961216 21
1780054284803 0.031463734805583954 22
1780054313321 0.032075561583042145 23
1780054341874 0.03158305212855339 24
1780054370364 0.031222958117723465 25
1780054398917 0.031051302328705788 26
1780054427452 0.031593747437000275 27
1780054455935 0.03131655603647232 28
1780054484496 0.0315709263086319 29
1780054512964 0.031629081815481186 30
1780054541480 0.031264424324035645 31
1780054570082 0.0310224536806345 32
1780054598551 0.03157159686088562 33
1780054627025 0.03158026561141014 34
1780054655650 0.03087882325053215 35
1780054684118 0.03102385811507702 36
1780054712604 0.030904270708560944 37
1780054741163 0.030942874029278755 38
1780054769693 0.030952487140893936 39
1780054798195 0.031016618013381958 40
1780054826757 0.030850745737552643 41
1780054855228 0.03078334778547287 42
1780054883738 0.03080330230295658 43
1780054912346 0.0308217890560627 44
1780054940956 0.031055228784680367 45
1780054969437 0.03074006736278534 46
1780054997993 0.031061630696058273 47
1780055026535 0.030971162021160126 48
1780055055017 0.030859407037496567 49
1780055083570 0.030751589685678482 50
1780055112056 0.030782146379351616 51
1780055140680 0.030801022425293922 52
1780055169209 0.031100932508707047 53
1780055197656 0.030807988718152046 54
1780055226103 0.031657006591558456 55
1780055254686 0.03076496534049511 56
1780055283121 0.03109031543135643 57
1780055311633 0.03107980266213417 58
1780055340077 0.030826712027192116 59
1780055368581 0.030778074637055397 60
1780055397105 0.031099220737814903 61
1780055425576 0.031373247504234314 62
1780055454012 0.03111860156059265 63
1780055482570 0.031504079699516296 64
1780055511061 0.03124137409031391 65
1780055539483 0.031069153919816017 66
1780055567992 0.0312616303563118 67
1780055596439 0.03075091540813446 68
1780055624958 0.03133552148938179 69
1780055653471 0.03086002916097641 70
1780055681924 0.03066338039934635 71
1780055710374 0.030845139175653458 72
1780055738967 0.030843419954180717 73
1780055767549 0.03185557201504707 74
1780055796039 0.030880790203809738 75
1780055824673 0.03109363652765751 76
1780055853271 0.030698424205183983 77
1780055881755 0.03072948008775711 78
1780055910438 0.030827678740024567 79
1780055938919 0.030658528208732605 80
1780055967471 0.030794505029916763 81
1780055996033 0.030793529003858566 82
1780056024531 0.030724607408046722 83
1780056053022 0.031111465767025948 84
1780056081614 0.030779922381043434 85
1780056110153 0.030886786058545113 86
1780056138627 0.030840372666716576 87
1780056167174 0.031136972829699516 88
1780056195658 0.03063248284161091 89
1780056224184 0.030910087749361992 90
1780056252751 0.030982976779341698 91
1780056281224 0.030765946954488754 92
1780056309774 0.03078862652182579 93
1780056338385 0.030993014574050903 94
1780056366868 0.030705315992236137 95
1780056395458 0.0309277456253767 96
1780056423941 0.03088127262890339 97
1780056452476 0.03124520741403103 98
1780056481038 0.030845684930682182 99
1780056509516 0.030816661193966866 100
