1780053685935 0.05182038992643356 1
1780053714440 0.0513480007648468 2
1780053743030 0.05132799968123436 3
1780053771543 0.05130592733621597 4
1780053800010 0.05109675973653793 5
1780053828581 0.05106562748551369 6
1780053857021 0.05109955742955208 7
1780053885491 0.05111446604132652 8
1780053914029 0.05112055316567421 9
1780053942508 0.051041893661022186 10
1780053970961 0.05113160237669945 11
1780053999483 0.051032654941082 12
1780054027967 0.05094999074935913 13
1780054056552 0.050986479967832565 14
1780054085122 0.05093109607696533 15
1780054113609 0.050946563482284546 16
1780054142090 0.05092480033636093 17
1780054170671 0.050718873739242554 18
1780054199141 0.05099032446742058 19
1780054227715 0.05077748000621796 20
1780054256286 0.05060474947094917 21
1780054284803 0.05056093633174896 22
1780054313321 0.05042651295661926 23
1780054341874 0.050385795533657074 24
1780054370364 0.05030331388115883 25
1780054398917 0.050159066915512085 26
1780054427452 0.050056274980306625 27
1780054455935 0.050190966576337814 28
1780054484496 0.050072163343429565 29
1780054512964 0.05016687139868736 30
1780054541480 0.04989532381296158 31
1780054570082 0.04993200674653053 32
1780054598551 0.04975678771734238 33
1780054627025 0.049801167100667953 34
1780054655650 0.049781136214733124 35
1780054684118 0.049667589366436005 36
1780054712604 0.04977091774344444 37
1780054741163 0.04964335262775421 38
1780054769693 0.0498848557472229 39
1780054798195 0.04945805296301842 40
1780054826757 0.04958411678671837 41
1780054855228 0.04932159557938576 42
1780054883738 0.04935693368315697 43
1780054912346 0.04936788231134415 44
1780054940956 0.049324020743370056 45
1780054969437 0.04928284510970116 46
1780054997993 0.04939378798007965 47
1780055026535 0.049215249717235565 48
1780055055017 0.04927139729261398 49
1780055083570 0.04919314756989479 50
1780055112056 0.049473948776721954 51
1780055140680 0.049105990678071976 52
1780055169209 0.04908500984311104 53
1780055197656 0.04921025410294533 54
1780055226103 0.04910295084118843 55
1780055254686 0.0490703359246254 56
1780055283121 0.049080852419137955 57
1780055311633 0.04891030490398407 58
1780055340077 0.04906550794839859 59
1780055368581 0.04911445081233978 60
1780055397105 0.04891803488135338 61
1780055425576 0.04902872070670128 62
1780055454012 0.049053508788347244 63
1780055482570 0.04916393756866455 64
1780055511061 0.04917306452989578 65
1780055539483 0.04900790750980377 66
1780055567992 0.04890879616141319 67
1780055596439 0.04914994537830353 68
1780055624958 0.0489952377974987 69
1780055653471 0.048936426639556885 70
1780055681924 0.04889240488409996 71
1780055710374 0.0491710789501667 72
1780055738967 0.04898381605744362 73
1780055767549 0.04901222884654999 74
1780055796039 0.04887431114912033 75
1780055824673 0.04881512001156807 76
1780055853271 0.04870358854532242 77
1780055881755 0.04874609410762787 78
1780055910438 0.04895901679992676 79
1780055938919 0.04893075302243233 80
1780055967471 0.04913114756345749 81
1780055996033 0.04875204712152481 82
1780056024531 0.049008458852767944 83
1780056053022 0.04907892271876335 84
1780056081614 0.04891098663210869 85
1780056110153 0.04881651699542999 86
1780056138627 0.04907916486263275 87
1780056167174 0.04882911965250969 88
1780056195658 0.04919508472084999 89
1780056224184 0.04886556789278984 90
1780056252751 0.04878125339746475 91
1780056281224 0.0487559549510479 92
1780056309774 0.04884609952569008 93
1780056338385 0.04888470843434334 94
1780056366868 0.04887772724032402 95
1780056395458 0.04869232699275017 96
1780056423941 0.04884469881653786 97
1780056452476 0.0486675426363945 98
1780056481038 0.04885460063815117 99
1780056509516 0.048845164477825165 100
