1780053685935 -0.00257396069355309 1
1780053714440 0.0017559053376317024 2
1780053743030 0.000678763200994581 3
1780053771543 0.0034578118938952684 4
1780053800010 0.0007232343195937574 5
1780053828581 0.001958136912435293 6
1780053857021 -0.0018408980686217546 7
1780053885491 0.0030861031264066696 8
1780053914029 0.0022650707978755236 9
1780053942508 0.00042086036410182714 10
1780053970961 -0.00022397140855900943 11
1780053999483 -0.00035014242166653275 12
1780054027967 0.0006217049667611718 13
1780054056552 0.0027026988100260496 14
1780054085122 -0.0020988190080970526 15
1780054113609 0.00213592778891325 16
1780054142090 6.539026799146086e-05 17
1780054170671 -0.00012179929035482928 18
1780054199141 0.0036925673484802246 19
1780054227715 0.0034237925428897142 20
1780054256286 -0.0017461278475821018 21
1780054284803 -0.0015414064982905984 22
1780054313321 0.0008136703399941325 23
1780054341874 0.001793225877918303 24
1780054370364 -0.0017918250523507595 25
1780054398917 -7.44481585570611e-05 26
1780054427452 0.00046356336679309607 27
1780054455935 0.0036704139783978462 28
1780054484496 0.0027203885838389397 29
1780054512964 0.00427755992859602 30
1780054541480 0.001864614780060947 31
1780054570082 -0.001652366598136723 32
1780054598551 0.0010076306061819196 33
1780054627025 -0.0006020417786203325 34
1780054655650 0.0003615206805989146 35
1780054684118 -0.002353949472308159 36
1780054712604 0.0011195727856829762 37
1780054741163 -0.001082909875549376 38
1780054769693 0.0016789456130936742 39
1780054798195 -0.00141806504689157 40
1780054826757 -0.0015803924761712551 41
1780054855228 -0.001028205850161612 42
1780054883738 -0.0004916537436656654 43
1780054912346 -0.0005563033046200871 44
1780054940956 -0.0011793591547757387 45
1780054969437 -0.0001565815764479339 46
1780054997993 0.0021367231383919716 47
1780055026535 0.0005893046618439257 48
1780055055017 0.00123817368876189 49
1780055083570 -0.0011839509243145585 50
1780055112056 0.0010199315147474408 51
1780055140680 -0.0017079297685995698 52
1780055169209 0.0015146918594837189 53
1780055197656 -0.0020863160025328398 54
1780055226103 0.0032043878454715014 55
1780055254686 -0.0001481385697843507 56
1780055283121 -0.0010304253082722425 57
1780055311633 0.0004179126408416778 58
1780055340077 -5.322702418197878e-05 59
1780055368581 0.0016138744540512562 60
1780055397105 0.00047195691149681807 61
1780055425576 -0.0002785433898679912 62
1780055454012 0.0022290172055363655 63
1780055482570 0.002761582611128688 64
1780055511061 0.0022890320979058743 65
1780055539483 -0.0007042583893053234 66
1780055567992 0.0014603871386498213 67
1780055596439 0.0016553847817704082 68
1780055624958 0.0007440235349349678 69
1780055653471 0.00020785778178833425 70
1780055681924 5.217948000790784e-06 71
1780055710374 0.001157732680439949 72
1780055738967 2.800214679155033e-05 73
1780055767549 0.0019832293037325144 74
1780055796039 0.0018903639866039157 75
1780055824673 -0.0019162559183314443 76
1780055853271 -0.0013870965922251344 77
1780055881755 -1.1652286048047245e-05 78
1780055910438 0.0022804932668805122 79
1780055938919 0.0008907231385819614 80
1780055967471 -0.0005691588157787919 81
1780055996033 -0.0018185470253229141 82
1780056024531 0.001188680063933134 83
1780056053022 0.00010972686868626624 84
1780056081614 0.0024615244474262 85
1780056110153 0.00023132373462431133 86
1780056138627 -0.0009420090354979038 87
1780056167174 0.0008327083778567612 88
1780056195658 0.0018089349614456296 89
1780056224184 0.000878336257301271 90
1780056252751 0.0015048292698338628 91
1780056281224 2.929231595771853e-05 92
1780056309774 -0.0020016219932585955 93
1780056338385 6.467708590207621e-05 94
1780056366868 -0.0006935155834071338 95
1780056395458 -0.00023099067038856447 96
1780056423941 0.0011694836430251598 97
1780056452476 0.0020253125112503767 98
1780056481038 -0.0011031365720555186 99
1780056509516 0.0013690247433260083 100
