1780530429086 0.03366576135158539 1
1780530431600 0.03282447159290314 2
1780530434042 0.032444074749946594 3
1780530436458 0.03167150169610977 4
1780530438997 0.03192955255508423 5
1780530441457 0.03176674619317055 6
1780530444007 0.03205854818224907 7
1780530446491 0.032036252319812775 8
1780530448949 0.03237888962030411 9
1780530451405 0.03223096951842308 10
1780530453780 0.03179912269115448 11
1780530456270 0.032180365175008774 12
1780530458686 0.03160776197910309 13
1780530461189 0.03152628242969513 14
1780530463642 0.032070957124233246 15
1780530466064 0.031883805990219116 16
1780530468556 0.03179553151130676 17
