1780530429086 0.29759164352889184 1
1780530431600 0.2833402082324028 2
1780530434042 0.28047231715414433 3
1780530436458 0.27816507312190997 4
1780530438997 0.2758745001508044 5
1780530441457 0.2741886294120318 6
1780530444007 0.2738065629133156 7
1780530446491 0.2733243704325967 8
1780530448949 0.2734426931514368 9
1780530451405 0.27241858027198096 10
1780530453780 0.2723442019483486 11
1780530456270 0.271990959907507 12
1780530458686 0.27144289355386386 13
1780530461189 0.27170443849323633 14
1780530463642 0.2716035421018477 15
1780530466064 0.2707006653117669 16
1780530468556 0.2703430126239727 17
