1780530429086 -0.0029503258410841227 1
1780530431600 0.001288001425564289 2
1780530434042 0.0025749248452484608 3
1780530436458 0.00022458330204244703 4
1780530438997 0.0004304616595618427 5
1780530441457 -0.0023915718775242567 6
1780530444007 0.0012231620494276285 7
1780530446491 0.004857868887484074 8
1780530448949 -0.0028054118156433105 9
1780530451405 0.00603802315890789 10
1780530453780 -0.0011354112066328526 11
1780530456270 0.0034285292495042086 12
1780530458686 0.00013533374294638634 13
1780530461189 0.00023762807541061193 14
1780530463642 0.003820131067186594 15
1780530466064 0.0022939727641642094 16
1780530468556 0.0033575952984392643 17
