1780530429086 0.054156407713890076 1
1780530431600 0.05300731211900711 2
1780530434042 0.054377540946006775 3
1780530436458 0.05275740474462509 4
1780530438997 0.05250328406691551 5
1780530441457 0.05219809338450432 6
1780530444007 0.052097562700510025 7
1780530446491 0.05300077795982361 8
1780530448949 0.052399538457393646 9
1780530451405 0.052577368915081024 10
1780530453780 0.05206958204507828 11
1780530456270 0.05223044753074646 12
1780530458686 0.05208069831132889 13
1780530461189 0.05202874913811684 14
1780530463642 0.05333465337753296 15
1780530466064 0.052152957767248154 16
1780530468556 0.052372563630342484 17
