1779920054286 0.07476886361837387 1
1779920055659 0.07463907450437546 2
1779920056818 0.07451816648244858 3
1779920057976 0.07436458766460419 4
1779920059199 0.07418522983789444 5
1779920060391 0.0716448575258255 6
1779920061575 0.07108648121356964 7
1779920062746 0.07089640945196152 8
1779920063981 0.07019659876823425 9
1779920065135 0.07011580467224121 10
1779920066326 0.07000505924224854 11
1779920067534 0.06980131566524506 12
1779920068773 0.06972295045852661 13
1779920069932 0.06940102577209473 14
1779920071109 0.06942491233348846 15
1779920072276 0.06937404721975327 16
1779920073514 0.06960322707891464 17
1779920074667 0.06951243430376053 18
1779920075913 0.06905877590179443 19
1779920077103 0.06909274309873581 20
1779920078340 0.06906591355800629 21
1779920079522 0.06904792785644531 22
1779920080691 0.06938784569501877 23
1779920081907 0.06898428499698639 24
1779920083155 0.0690140500664711 25
1779920084330 0.0688067302107811 26
1779920085490 0.06856628507375717 27
1779920086673 0.06865888833999634 28
1779920087926 0.06865444034337997 29
1779920089124 0.06858896464109421 30
1779920090284 0.06877878308296204 31
1779920091468 0.06845884770154953 32
1779920092692 0.0683554857969284 33
1779920093842 0.0684390515089035 34
1779920094996 0.06834347546100616 35
1779920096178 0.0681416466832161 36
1779920097401 0.06825132668018341 37
1779920098544 0.06813745945692062 38
1779920099677 0.06836496293544769 39
1779920100812 0.06843748688697815 40
