1779920054286 0.13778633210848976 1
1779920055659 0.13044926999034462 2
1779920056818 0.12776435301690311 3
1779920057976 0.1269343894507204 4
1779920059199 0.12613136386805837 5
1779920060391 0.11601106101994986 6
1779920061575 0.09394665062427521 7
1779920062746 0.08992735374268594 8
1779920063981 0.08291821527693953 9
1779920065135 0.08028902923995322 10
1779920066326 0.07902792673353311 11
1779920067534 0.07707545163294116 12
1779920068773 0.07592859100755099 13
1779920069932 0.07542554475367069 14
1779920071109 0.07467276688951713 15
1779920072276 0.07411510777751823 16
1779920073514 0.07326252635691193 17
1779920074667 0.07320145212605104 18
1779920075913 0.07232557840972811 19
1779920077103 0.07179088346087016 20
1779920078340 0.07188496912655594 21
1779920079522 0.0713020540200747 22
1779920080691 0.0709755282930948 23
1779920081907 0.07035964821557422 24
1779920083155 0.07074346221410312 25
1779920084330 0.06935336645487901 26
1779920085490 0.06956007323422275 27
1779920086673 0.06861538738831059 28
1779920087926 0.0688260910561779 29
1779920089124 0.06832847545680763 30
1779920090284 0.06760425413293498 31
1779920091468 0.06749794198261512 32
1779920092692 0.06718582915817643 33
1779920093842 0.06640041590883182 34
1779920094996 0.06637559030819071 35
1779920096178 0.06573095571781908 36
1779920097401 0.06507404965276901 37
1779920098544 0.06478879175015859 38
1779920099677 0.0648127360126147 39
1779920100812 0.06501677771518519 40
