1779920054286 0.002677841344848275 1
1779920055659 0.0020601958967745304 2
1779920056818 -0.0039822752587497234 3
1779920057976 0.002699894132092595 4
1779920059199 0.0008110176422633231 5
1779920060391 0.003524220082908869 6
1779920061575 0.001723838853649795 7
1779920062746 -0.0010092455195263028 8
1779920063981 0.0002571356308180839 9
1779920065135 0.0052211047150194645 10
1779920066326 -0.003473543329164386 11
1779920067534 -0.0017548525938764215 12
1779920068773 0.005083424970507622 13
1779920069932 0.0019219632958993316 14
1779920071109 -0.0003544903884176165 15
1779920072276 -0.004038252402096987 16
1779920073514 -0.0006450929795391858 17
1779920074667 -0.005748433526605368 18
1779920075913 0.00028480018954724073 19
1779920077103 0.0005491102929227054 20
1779920078340 -0.0004916313337162137 21
1779920079522 0.0037209182046353817 22
1779920080691 0.002183029428124428 23
1779920081907 0.001527210115455091 24
1779920083155 0.00539499893784523 25
1779920084330 0.0030042289290577173 26
1779920085490 -0.0012436039978638291 27
1779920086673 0.002271560486406088 28
1779920087926 -0.00018158226157538593 29
1779920089124 0.0017461093375459313 30
1779920090284 0.002848839620128274 31
1779920091468 0.0024588925298303366 32
1779920092692 -0.0003600396739784628 33
1779920093842 0.00133735709823668 34
1779920094996 0.0005883107078261673 35
1779920096178 -0.0006548790843226016 36
1779920097401 0.00136747385840863 37
1779920098544 0.0008600223809480667 38
1779920099677 0.0011369072599336505 39
1779920100812 -0.004589378368109465 40
