1779920054286 0.030956756323575974 1
1779920055659 0.03155435994267464 2
1779920056818 0.029963120818138123 3
1779920057976 0.030781151726841927 4
1779920059199 0.0292169488966465 5
1779920060391 0.02504582516849041 6
1779920061575 0.02456832490861416 7
1779920062746 0.02299174666404724 8
1779920063981 0.0224298182874918 9
1779920065135 0.02219443768262863 10
1779920066326 0.02259337157011032 11
1779920067534 0.022352183237671852 12
1779920068773 0.022113699465990067 13
1779920069932 0.02146504633128643 14
1779920071109 0.021382741630077362 15
1779920072276 0.021451398730278015 16
1779920073514 0.02172730676829815 17
1779920074667 0.02201571688055992 18
1779920075913 0.02068890817463398 19
1779920077103 0.02076299861073494 20
1779920078340 0.02062981203198433 21
1779920079522 0.02069423347711563 22
1779920080691 0.021026011556386948 23
1779920081907 0.020488018169999123 24
1779920083155 0.021047070622444153 25
1779920084330 0.020399639382958412 26
1779920085490 0.020104853436350822 27
1779920086673 0.020079653710126877 28
1779920087926 0.020108206197619438 29
1779920089124 0.020302345976233482 30
1779920090284 0.020065119490027428 31
1779920091468 0.02019643969833851 32
1779920092692 0.019967010244727135 33
1779920093842 0.019584989175200462 34
1779920094996 0.019710475578904152 35
1779920096178 0.019538650289177895 36
1779920097401 0.019495969638228416 37
1779920098544 0.019373547285795212 38
1779920099677 0.01941942796111107 39
1779920100812 0.020365407690405846 40
