PID_SCHEDULES = [
    (19.7738, 26.2086, 49.3994, 19.9887, 186.133, 46.8258, 1.29601, 246.899, 1.52874),
    (19.7738, 26.2086, 49.3994, 19.9887, 186.133, 46.8258, 1.29798, 254.461, 3.01667),
    (19.7738, 26.2086, 49.3994, 19.875, 163.32, 45.3178, 1.29601, 246.899, 1.52874),
    (19.7738, 26.2086, 49.3994, 19.875, 163.32, 45.3178, 1.29798, 254.461, 3.01667),
    (19.9867, 25.2202, 46.6385, 19.9887, 186.133, 46.8258, 1.29601, 246.899, 1.52874),
    (19.9867, 25.2202, 46.6385, 19.9887, 186.133, 46.8258, 1.29798, 254.461, 3.01667),
    (19.9867, 25.2202, 46.6385, 19.875, 163.32, 45.3178, 1.29601, 246.899, 1.52874),
    (19.9867, 25.2202, 46.6385, 19.875, 163.32, 45.3178, 1.29798, 254.461, 3.01667),
]
