1780529153951 0.037515271455049515 1
1780529156467 0.03445927053689957 2
1780529158830 0.03317293897271156 3
1780529161168 0.033261269330978394 4
1780529163742 0.03251049667596817 5
1780529166186 0.032615937292575836 6
1780529168786 0.03238527476787567 7
1780529171146 0.03227997571229935 8
1780529173562 0.03241850435733795 9
1780529176111 0.032231979072093964 10
1780529178510 0.03213037550449371 11
1780529180980 0.03215472400188446 12
1780529183339 0.032182954251766205 13
1780529185658 0.032314788550138474 14
1780529188090 0.032253049314022064 15
1780529190258 0.032149091362953186 16
1780529192480 0.0322892926633358 17
1780529194637 0.03211083263158798 18
1780529196870 0.0321500189602375 19
1780529199037 0.032254379242658615 20
1780529201169 0.03206663578748703 21
1780529203410 0.03204081952571869 22
1780529205605 0.03198429197072983 23
1780529207852 0.03209155425429344 24
1780529210052 0.032150864601135254 25
1780529212266 0.03235689550638199 26
1780529214392 0.032030221074819565 27
1780529216633 0.03223924711346626 28
1780529218781 0.03195049241185188 29
1780529220909 0.03208313137292862 30
1780529223035 0.032055795192718506 31
1780529225105 0.03267231211066246 32
1780529227182 0.032112136483192444 33
1780529229266 0.03217805176973343 34
1780529231470 0.032043300569057465 35
1780529233521 0.0319741815328598 36
1780529235589 0.032051242887973785 37
1780529237869 0.0319938026368618 38
1780529239936 0.03220798447728157 39
1780529242100 0.0319543331861496 40
1780529244148 0.03209333121776581 41
1780529246282 0.031902845948934555 42
1780529248357 0.03197028115391731 43
1780529250497 0.0318908728659153 44
1780529252624 0.03221220523118973 45
1780529254697 0.03196096792817116 46
1780529256838 0.03206485137343407 47
1780529258896 0.031978949904441833 48
1780529261068 0.03195653110742569 49
1780529263176 0.032209206372499466 50
1780529265411 0.03214418888092041 51
1780529267555 0.03190162777900696 52
1780529269735 0.031928688287734985 53
1780529272024 0.03195424750447273 54
1780529274170 0.03187762573361397 55
1780529276355 0.03189242631196976 56
1780529278463 0.03198583424091339 57
1780529280613 0.031906332820653915 58
1780529282658 0.03192170336842537 59
1780529284803 0.03201109915971756 60
1780529286949 0.03182367607951164 61
1780529289051 0.03184669837355614 62
1780529291258 0.031820543110370636 63
1780529293405 0.031871408224105835 64
1780529295606 0.031882189214229584 65
1780529297646 0.03182406723499298 66
1780529299704 0.03197748214006424 67
1780529301851 0.03188111260533333 68
1780529303965 0.031891368329524994 69
1780529306072 0.03190118819475174 70
1780529308139 0.03200768306851387 71
1780529310299 0.03186521679162979 72
1780529312351 0.03213034197688103 73
1780529314459 0.03188585117459297 74
1780529316661 0.0321558453142643 75
1780529318755 0.03190471604466438 76
1780529320857 0.03200112283229828 77
1780529322907 0.03200434148311615 78
1780529325024 0.031870659440755844 79
1780529327042 0.03186295926570892 80
1780529329175 0.03195979818701744 81
1780529331192 0.031949128955602646 82
1780529333255 0.03190381079912186 83
1780529335408 0.03200460225343704 84
1780529337479 0.03205791115760803 85
1780529339712 0.03183078393340111 86
1780529341813 0.03188701719045639 87
1780529343959 0.03186768293380737 88
1780529346092 0.03180323541164398 89
1780529348139 0.031958308070898056 90
1780529350357 0.03197513893246651 91
1780529352426 0.0318683385848999 92
1780529354549 0.03181828185915947 93
1780529356658 0.03182365372776985 94
1780529358926 0.03175392001867294 95
1780529361018 0.031785085797309875 96
1780529363174 0.03260589390993118 97
1780529365493 0.03180394321680069 98
1780529368171 0.03182775899767876 99
1780529370333 0.03181967884302139 100
