1780529153951 0.001309974235482514 1
1780529156467 -0.00020618000417016447 2
1780529158830 -0.0014756325399503112 3
1780529161168 0.0018407830502837896 4
1780529163742 -0.0009445633622817695 5
1780529166186 -0.001561159617267549 6
1780529168786 0.0006827754550613463 7
1780529171146 0.0015492275124415755 8
1780529173562 0.00035112741170451045 9
1780529176111 -0.00018724543042480946 10
1780529178510 0.0013319128192961216 11
1780529180980 -0.001047719968482852 12
1780529183339 -0.00011750622797990218 13
1780529185658 0.0028149669524282217 14
1780529188090 0.00011042167898267508 15
1780529190258 0.0009266239940188825 16
1780529192480 0.0010787007631734014 17
1780529194637 0.0011374094756320119 18
1780529196870 0.0012641145149245858 19
1780529199037 0.0016754765529185534 20
1780529201169 2.522473550925497e-05 21
1780529203410 0.0021424656733870506 22
1780529205605 -0.00024638231843709946 23
1780529207852 0.0005455343052744865 24
1780529210052 0.0014331832062453032 25
1780529212266 0.0033581957686692476 26
1780529214392 -0.0002258637105114758 27
1780529216633 0.0011591514339670539 28
1780529218781 0.0010034552542492747 29
1780529220909 -0.00033436986268498003 30
1780529223035 0.0010922837536782026 31
1780529225105 0.0007363089825958014 32
1780529227182 -0.0018241503275930882 33
1780529229266 0.0013409937964752316 34
1780529231470 0.00039539908175356686 35
1780529233521 2.4074646717053838e-05 36
1780529235589 0.0005627080099657178 37
1780529237869 0.0005420375964604318 38
1780529239936 0.001261061173863709 39
1780529242100 -0.000460017763543874 40
1780529244148 0.0012035382678732276 41
1780529246282 0.001346925855614245 42
1780529248357 -0.0008067761664278805 43
1780529250497 0.0003699497028719634 44
1780529252624 0.0020724639762192965 45
1780529254697 0.00014408181596081704 46
1780529256838 0.00025750845088623464 47
1780529258896 -0.00040630713920108974 48
1780529261068 -4.6193672460503876e-05 49
1780529263176 0.003403516486287117 50
1780529265411 0.00162128871306777 51
1780529267555 0.0001015073576127179 52
1780529269735 3.9761893276590854e-05 53
1780529272024 -0.0007026451057754457 54
1780529274170 0.000678181299008429 55
1780529276355 -0.0014089051401242614 56
1780529278463 0.002023921813815832 57
1780529280613 0.00015674761380068958 58
1780529282658 -0.002012657467275858 59
1780529284803 0.0015977517468854785 60
1780529286949 0.0007231042836792767 61
1780529289051 -0.000966245774179697 62
1780529291258 0.0007715379470027983 63
1780529293405 0.0010856400476768613 64
1780529295606 -0.0005874248454347253 65
1780529297646 0.00020644623145926744 66
1780529299704 -5.753183359047398e-05 67
1780529301851 -7.285103492904454e-05 68
1780529303965 -0.00025561804068274796 69
1780529306072 0.001551983179524541 70
1780529308139 0.0017922655679285526 71
1780529310299 -0.0005094974767416716 72
1780529312351 -0.0036217800807207823 73
1780529314459 -0.0008315964369103312 74
1780529316661 0.0019072246504947543 75
1780529318755 0.00019528463599272072 76
1780529320857 0.0009026354528032243 77
1780529322907 0.0008463796693831682 78
1780529325024 0.0006020262371748686 79
1780529327042 0.0004955734475515783 80
1780529329175 -0.0001940335932886228 81
1780529331192 -0.0020211341325193644 82
1780529333255 0.0016770786605775356 83
1780529335408 0.0018794224597513676 84
1780529337479 0.00123488693498075 85
1780529339712 -0.000689458567649126 86
1780529341813 -0.00012460591096896678 87
1780529343959 0.00026887247804552317 88
1780529346092 0.0005139809218235314 89
1780529348139 7.083799573592842e-05 90
1780529350357 -0.0018501676386222243 91
1780529352426 0.00039222376653924584 92
1780529354549 -0.0005250849644653499 93
1780529356658 -0.00016741143190301955 94
1780529358926 -0.00048211216926574707 95
1780529361018 -0.00023580397828482091 96
1780529363174 0.002366670174524188 97
1780529365493 0.0011878467630594969 98
1780529368171 -3.334369830554351e-05 99
1780529370333 0.0012118896702304482 100
