1780529153951 0.2947521379531978 1
1780529156467 0.20444240967755195 2
1780529158830 0.18874605967626942 3
1780529161168 0.18196486720404068 4
1780529163742 0.17858870637107205 5
1780529166186 0.17686397652444127 6
1780529168786 0.17566123537041925 7
1780529171146 0.1748236846420672 8
1780529173562 0.17475121618284808 9
1780529176111 0.17352489415894856 10
1780529178510 0.17342834034329885 11
1780529180980 0.1724988537562358 12
1780529183339 0.1716865339352713 13
1780529185658 0.17097712496851947 14
1780529188090 0.1709177162885279 15
1780529190258 0.17090601169250227 16
1780529192480 0.17064114558425816 17
1780529194637 0.17072425847994044 18
1780529196870 0.16986656844519177 19
1780529199037 0.1696840919215571 20
1780529201169 0.1694537741313507 21
1780529203410 0.16958239906794065 22
1780529205605 0.16920045156080227 23
1780529207852 0.16857067669753906 24
1780529210052 0.16890104076304993 25
1780529212266 0.16805971873464523 26
1780529214392 0.16851371183217345 27
1780529216633 0.16802240467884325 28
1780529218781 0.16727577923954307 29
1780529220909 0.16789744808882862 30
1780529223035 0.16809854917712025 31
1780529225105 0.16758659675523832 32
1780529227182 0.1675375270862858 33
1780529229266 0.16748550892263264 34
1780529231470 0.1676544142862806 35
1780529233521 0.16674030257703423 36
1780529235589 0.1671913844327648 37
1780529237869 0.16738805472366997 38
1780529239936 0.16684248400005428 39
1780529242100 0.16694488415083328 40
1780529244148 0.16696951112576894 41
1780529246282 0.16632282620223313 42
1780529248357 0.16617645057184355 43
1780529250497 0.16630472581494937 44
1780529252624 0.16612881642173638 45
1780529254697 0.1654878488995812 46
1780529256838 0.1660039656638325 47
1780529258896 0.1662844256921248 48
1780529261068 0.1663670004285001 49
1780529263176 0.16536588916047054 50
1780529265411 0.1659545355125681 51
1780529267555 0.16631894326442248 52
1780529269735 0.16560925490089826 53
1780529272024 0.16537640352624577 54
1780529274170 0.16565357093009855 55
1780529276355 0.16536486187538543 56
1780529278463 0.16561320457946171 57
1780529280613 0.1653519006228292 58
1780529282658 0.16529457474296744 59
1780529284803 0.16530792028098912 60
1780529286949 0.16513598792545206 61
1780529289051 0.16536809078284673 62
1780529291258 0.1662127450834234 63
1780529293405 0.16543090844212413 64
1780529295606 0.1645096717039486 65
1780529297646 0.16513220680417953 66
1780529299704 0.16517269059822157 67
1780529301851 0.16482489901993955 68
1780529303965 0.16487729411523838 69
1780529306072 0.16559370713574545 70
1780529308139 0.16526528409162125 71
1780529310299 0.164631679847643 72
1780529312351 0.16456376758779023 73
1780529314459 0.1649677354794044 74
1780529316661 0.16466516725622216 75
1780529318755 0.16526182796564196 76
1780529320857 0.16436826077277783 77
1780529322907 0.16532060467674362 78
1780529325024 0.16508365294279218 79
1780529327042 0.16506602648984303 80
1780529329175 0.1646768639904338 81
1780529331192 0.16503180989197322 82
1780529333255 0.1649065175904082 83
1780529335408 0.163794923525352 84
1780529337479 0.16454859793960275 85
1780529339712 0.16475748776325158 86
1780529341813 0.16515206985852934 87
1780529343959 0.16464750628386224 88
1780529346092 0.16458242076944996 89
1780529348139 0.16472591145278573 90
1780529350357 0.1641026060883101 91
1780529352426 0.16455499036842353 92
1780529354549 0.1645635501179215 93
1780529356658 0.1643294727115275 94
1780529358926 0.16468417702557206 95
1780529361018 0.164086533153986 96
1780529363174 0.16417695146489453 97
1780529365493 0.1645225891722487 98
1780529368171 0.16442138242063584 99
1780529370333 0.16406943053974735 100
