1780529153951 0.05959239974617958 1
1780529156467 0.05595940351486206 2
1780529158830 0.054479166865348816 3
1780529161168 0.053852055221796036 4
1780529163742 0.05346350371837616 5
1780529166186 0.05326829478144646 6
1780529168786 0.05311693996191025 7
1780529171146 0.05313149467110634 8
1780529173562 0.05289841815829277 9
1780529176111 0.05312179774045944 10
1780529178510 0.05296370014548302 11
1780529180980 0.052877143025398254 12
1780529183339 0.052770763635635376 13
1780529185658 0.052760619670152664 14
1780529188090 0.05265136808156967 15
1780529190258 0.05265183001756668 16
1780529192480 0.05257251858711243 17
1780529194637 0.05264698714017868 18
1780529196870 0.05259662866592407 19
1780529199037 0.052500199526548386 20
1780529201169 0.052602168172597885 21
1780529203410 0.052591610699892044 22
1780529205605 0.052468281239271164 23
1780529207852 0.05252160131931305 24
1780529210052 0.052401404827833176 25
1780529212266 0.05250973626971245 26
1780529214392 0.052345190197229385 27
1780529216633 0.05237850919365883 28
1780529218781 0.05234435945749283 29
1780529220909 0.052289217710494995 30
1780529223035 0.052360497415065765 31
1780529225105 0.05227149650454521 32
1780529227182 0.05223342776298523 33
1780529229266 0.05221397802233696 34
1780529231470 0.05219222977757454 35
1780529233521 0.05217700079083443 36
1780529235589 0.05216992646455765 37
1780529237869 0.05220479518175125 38
1780529239936 0.05211799219250679 39
1780529242100 0.05211887136101723 40
1780529244148 0.052165865898132324 41
1780529246282 0.052299898117780685 42
1780529248357 0.05223441123962402 43
1780529250497 0.052114106714725494 44
1780529252624 0.05220227316021919 45
1780529254697 0.052149176597595215 46
1780529256838 0.05212796479463577 47
1780529258896 0.05205242335796356 48
1780529261068 0.052129749208688736 49
1780529263176 0.052204981446266174 50
1780529265411 0.05208653211593628 51
1780529267555 0.05212632566690445 52
1780529269735 0.0521407388150692 53
1780529272024 0.052133962512016296 54
1780529274170 0.05204145982861519 55
1780529276355 0.05210051313042641 56
1780529278463 0.0521322563290596 57
1780529280613 0.052033424377441406 58
1780529282658 0.05207153037190437 59
1780529284803 0.05200955644249916 60
1780529286949 0.05211160331964493 61
1780529289051 0.05198706313967705 62
1780529291258 0.05209673196077347 63
1780529293405 0.05200913920998573 64
1780529295606 0.05205989629030228 65
1780529297646 0.052045222371816635 66
1780529299704 0.05200197920203209 67
1780529301851 0.05202964320778847 68
1780529303965 0.052050765603780746 69
1780529306072 0.052032675594091415 70
1780529308139 0.05195992439985275 71
1780529310299 0.05202360451221466 72
1780529312351 0.05206090584397316 73
1780529314459 0.05194835737347603 74
1780529316661 0.051946163177490234 75
1780529318755 0.051929935812950134 76
1780529320857 0.051951296627521515 77
1780529322907 0.05196717754006386 78
1780529325024 0.05197910964488983 79
1780529327042 0.05190359055995941 80
1780529329175 0.05197402834892273 81
1780529331192 0.05193324387073517 82
1780529333255 0.05195430666208267 83
1780529335408 0.05193987861275673 84
1780529337479 0.051869526505470276 85
1780529339712 0.051904547959566116 86
1780529341813 0.05193275585770607 87
1780529343959 0.05193198844790459 88
1780529346092 0.05196136236190796 89
1780529348139 0.05185205116868019 90
1780529350357 0.052065011113882065 91
1780529352426 0.05191803723573685 92
1780529354549 0.05185609683394432 93
1780529356658 0.051930129528045654 94
1780529358926 0.05191871151328087 95
1780529361018 0.05187046155333519 96
1780529363174 0.05190150439739227 97
1780529365493 0.051918525248765945 98
1780529368171 0.05196191743016243 99
1780529370333 0.05192653462290764 100
