1780056814532 0.0064287190325558186 1
1780056818334 0.0024859837722033262 2
1780056822129 0.0015838728286325932 3
1780056825962 0.0006008149357512593 4
1780056829822 -0.0008650902891531587 5
1780056833669 -0.0018257155315950513 6
1780056837431 -0.0008117010584101081 7
1780056841276 -0.0019869275856763124 8
1780056845105 -0.00019960448844358325 9
1780056848925 0.004967910703271627 10
1780056852760 0.0022046726662665606 11
1780056856594 -0.003229037392884493 12
1780056860475 -0.0004056653124280274 13
1780056864306 0.004905424080789089 14
1780056868192 -0.0022264348808676004 15
1780056872092 0.004806976765394211 16
1780056875993 -0.0010481191566213965 17
1780056879860 0.0002390048175584525 18
1780056883758 -0.000585756846703589 19
1780056887651 0.0031183999963104725 20
1780056891511 0.0008488331804983318 21
1780056895381 -0.0013259180122986436 22
1780056899257 0.0023711726535111666 23
1780056903150 0.004419980105012655 24
1780056907041 0.001970868092030287 25
1780056910888 -0.0021674837917089462 26
1780056914769 0.002570035168901086 27
1780056918757 0.004523066803812981 28
1780056922715 -0.002284891437739134 29
1780056926659 0.0010465127415955067 30
1780056930590 -0.0023282908368855715 31
1780056934555 0.0016463024076074362 32
1780056938498 7.874421135056764e-05 33
1780056942441 -0.001260541146621108 34
1780056946396 0.0015360055258497596 35
1780056950318 0.0007969122380018234 36
1780056954174 0.0015077122952789068 37
1780056958023 0.002341523999348283 38
1780056961896 0.0010854578576982021 39
1780056965767 0.0039048308972269297 40
1780056969634 -0.0009123313939198852 41
1780056973526 -0.003157052444294095 42
1780056977383 0.003934224136173725 43
1780056981251 0.0026615620590746403 44
1780056985134 0.0015570431714877486 45
1780056989033 0.0011162478476762772 46
1780056992941 0.00010945252142846584 47
1780056996815 -0.00038218454574234784 48
1780057000708 -0.0015723404940217733 49
1780057004588 -0.0006626134272664785 50
1780057008527 0.0008330415585078299 51
1780057012380 -6.589346594410017e-05 52
1780057016201 0.0008029184537008405 53
1780057020070 -0.0003417892730794847 54
1780057023925 -0.0011521433480083942 55
1780057027771 -0.0016788577195256948 56
1780057031703 -0.0003657995257526636 57
1780057035574 -0.0009770033648237586 58
1780057039425 -0.00028381909942254424 59
1780057043379 0.0010937083279713988 60
1780057047265 -0.002146749058738351 61
1780057051175 0.0004598375235218555 62
1780057055071 -0.0010031379060819745 63
1780057058984 0.00027753060567192733 64
1780057062888 -0.0019718699622899294 65
1780057066836 0.00016437197336927056 66
1780057070722 -0.0015435426030308008 67
1780057074574 0.0007624459685757756 68
1780057078434 0.00026277080178260803 69
1780057082272 -0.0016374642727896571 70
1780057086056 -0.001681746682152152 71
1780057089925 0.0017166313482448459 72
1780057093759 -0.002824916271492839 73
1780057097607 0.00022709366749040782 74
1780057101476 -0.0011508841998875141 75
1780057105303 -0.00026107195299118757 76
1780057109144 0.001699343090876937 77
1780057113011 -0.004126040730625391 78
1780057116871 0.0012854847591370344 79
1780057120746 0.0009269161964766681 80
1780057124614 0.0005777755286544561 81
1780057128489 0.000828599208034575 82
1780057132316 0.0005055759102106094 83
1780057136152 0.0008100501145236194 84
1780057139997 0.0010564200347289443 85
1780057143794 -0.0014969101175665855 86
