1780056814532 0.05183440446853638 1
1780056818334 0.05117228254675865 2
1780056822129 0.05111769214272499 3
1780056825962 0.05065423622727394 4
1780056829822 0.05023638904094696 5
1780056833669 0.05027001351118088 6
1780056837431 0.05025668814778328 7
1780056841276 0.0501505509018898 8
1780056845105 0.05006667599081993 9
1780056848925 0.05032632127404213 10
1780056852760 0.049985371530056 11
1780056856594 0.050018783658742905 12
1780056860475 0.05003516748547554 13
1780056864306 0.050076622515916824 14
1780056868192 0.04953870549798012 15
1780056872092 0.04966304451227188 16
1780056875993 0.04903659597039223 17
1780056879860 0.0490645170211792 18
1780056883758 0.04902244731783867 19
1780056887651 0.04963774234056473 20
1780056891511 0.04627738520503044 21
1780056895381 0.04412645846605301 22
1780056899257 0.04355920851230621 23
1780056903150 0.04315752908587456 24
1780056907041 0.04222329333424568 25
1780056910888 0.04203378036618233 26
1780056914769 0.04152447730302811 27
1780056918757 0.041784606873989105 28
1780056922715 0.0416702963411808 29
1780056926659 0.04124857112765312 30
1780056930590 0.040632493793964386 31
1780056934555 0.04057098180055618 32
1780056938498 0.04018965736031532 33
1780056942441 0.04013731703162193 34
1780056946396 0.040462151169776917 35
1780056950318 0.03981827571988106 36
1780056954174 0.04057256877422333 37
1780056958023 0.03992318734526634 38
1780056961896 0.039671435952186584 39
1780056965767 0.03979937359690666 40
1780056969634 0.039889272302389145 41
1780056973526 0.03982783108949661 42
1780056977383 0.039715223014354706 43
1780056981251 0.03917057067155838 44
1780056985134 0.03899214044213295 45
1780056989033 0.038901522755622864 46
1780056992941 0.03897067904472351 47
1780056996815 0.038661763072013855 48
1780057000708 0.038587503135204315 49
1780057004588 0.03901476413011551 50
1780057008527 0.0383615642786026 51
1780057012380 0.0383690744638443 52
1780057016201 0.038602180778980255 53
1780057020070 0.03815598785877228 54
1780057023925 0.03784836828708649 55
1780057027771 0.03789568692445755 56
1780057031703 0.037591803818941116 57
1780057035574 0.03759055212140083 58
1780057039425 0.03773096576333046 59
1780057043379 0.037441644817590714 60
1780057047265 0.03703128173947334 61
1780057051175 0.03823365271091461 62
1780057055071 0.03689051419496536 63
1780057058984 0.03690772503614426 64
1780057062888 0.03685912489891052 65
1780057066836 0.036287494003772736 66
1780057070722 0.036324720829725266 67
1780057074574 0.035977914929389954 68
1780057078434 0.036488208919763565 69
1780057082272 0.035983435809612274 70
1780057086056 0.035404544323682785 71
1780057089925 0.03564967215061188 72
1780057093759 0.03507423773407936 73
1780057097607 0.03511742129921913 74
1780057101476 0.03468679264187813 75
1780057105303 0.034614067524671555 76
1780057109144 0.03484518080949783 77
1780057113011 0.03474785014986992 78
1780057116871 0.03430035337805748 79
1780057120746 0.03503817319869995 80
1780057124614 0.03365882486104965 81
1780057128489 0.033862557262182236 82
1780057132316 0.03349169343709946 83
1780057136152 0.033422134816646576 84
1780057139997 0.03304744139313698 85
1780057143794 0.032972902059555054 86
