1780056814532 0.1574373975805702 1
1780056818334 0.14744284903398275 2
1780056822129 0.14483498890606597 3
1780056825962 0.14398724240808103 4
1780056829822 0.14230651025666244 5
1780056833669 0.1410374140670133 6
1780056837431 0.14085818134074987 7
1780056841276 0.14033798974235767 8
1780056845105 0.14022487034946365 9
1780056848925 0.1401736415591855 10
1780056852760 0.13937021380814135 11
1780056856594 0.13939746149498614 12
1780056860475 0.13953630709685935 13
1780056864306 0.13889601210774125 14
1780056868192 0.13884913916630676 15
1780056872092 0.13839843782574632 16
1780056875993 0.13800507041982063 17
1780056879860 0.1376742793692091 18
1780056883758 0.13734856498354836 19
1780056887651 0.13754700198297018 20
1780056891511 0.13329934560345294 21
1780056895381 0.10609878854822155 22
1780056899257 0.10002846329868723 23
1780056903150 0.09440765981158797 24
1780056907041 0.09057262899003624 25
1780056910888 0.08818185688577293 26
1780056914769 0.08600214970382777 27
1780056918757 0.08436082468917455 28
1780056922715 0.08294157803562681 29
1780056926659 0.0815968285167066 30
1780056930590 0.08058644568126247 31
1780056934555 0.0797574462459657 32
1780056938498 0.07928614182905717 33
1780056942441 0.07795681468118573 34
1780056946396 0.07774940746625685 35
1780056950318 0.07702142512130435 36
1780056954174 0.07633914844178247 37
1780056958023 0.0763664887332009 38
1780056961896 0.0753234798525781 39
1780056965767 0.07496659468709792 40
1780056969634 0.07471178747697814 41
1780056973526 0.07417593539611733 42
1780056977383 0.07368007246365507 43
1780056981251 0.07318417653913982 44
1780056985134 0.07275704117235875 45
1780056989033 0.07240444452484113 46
1780056992941 0.07233273156822106 47
1780056996815 0.07120287930297549 48
1780057000708 0.07141488893686086 49
1780057004588 0.07121214717941607 50
1780057008527 0.07084309741319109 51
1780057012380 0.07023391608014923 52
1780057016201 0.07024648584756236 53
1780057020070 0.0700941909789787 54
1780057023925 0.06940959928750236 55
1780057027771 0.06921223309245472 56
1780057031703 0.0690306029883046 57
1780057035574 0.06865098007637653 58
1780057039425 0.06866096244459424 59
1780057043379 0.06838620307581621 60
1780057047265 0.06835002452135086 61
1780057051175 0.06791295150558742 62
1780057055071 0.06751317340274189 63
1780057058984 0.06760715683784344 64
1780057062888 0.06721563111935559 65
1780057066836 0.0667525749125894 66
1780057070722 0.06668102412029754 67
1780057074574 0.06616805394595572 68
1780057078434 0.06573113169812501 69
1780057082272 0.0661387278227801 70
1780057086056 0.06552510501434888 71
1780057089925 0.06563313890555696 72
1780057093759 0.06468277549800358 73
1780057097607 0.0652925580676968 74
1780057101476 0.06438502775658765 75
1780057105303 0.06448557575963769 76
1780057109144 0.06375370613332783 77
1780057113011 0.06388254261262573 78
1780057116871 0.06375844246583812 79
1780057120746 0.06354650894443782 80
1780057124614 0.06355081945185177 81
1780057128489 0.06303486454814483 82
1780057132316 0.06292189588380415 83
1780057136152 0.06253658244524143 84
1780057139997 0.06233624283846539 85
1780057143794 0.061890206026035434 86
