1780056814532 0.03263220563530922 1
1780056818334 0.03224696218967438 2
1780056822129 0.032151609659194946 3
1780056825962 0.03238949924707413 4
1780056829822 0.03159097582101822 5
1780056833669 0.03085939958691597 6
1780056837431 0.031506165862083435 7
1780056841276 0.031003808602690697 8
1780056845105 0.030951615422964096 9
1780056848925 0.03168763965368271 10
1780056852760 0.03153480961918831 11
1780056856594 0.031097449362277985 12
1780056860475 0.030763907358050346 13
1780056864306 0.031396444886922836 14
1780056868192 0.030904535204172134 15
1780056872092 0.03201458603143692 16
1780056875993 0.03077833727002144 17
1780056879860 0.030913839116692543 18
1780056883758 0.030685199424624443 19
1780056887651 0.03104388155043125 20
1780056891511 0.0280899815261364 21
1780056895381 0.025253232568502426 22
1780056899257 0.024568747729063034 23
1780056903150 0.024103030562400818 24
1780056907041 0.024118058383464813 25
1780056910888 0.02369447611272335 26
1780056914769 0.023253675550222397 27
1780056918757 0.023378068581223488 28
1780056922715 0.02305677905678749 29
1780056926659 0.02292635850608349 30
1780056930590 0.022618455812335014 31
1780056934555 0.022481698542833328 32
1780056938498 0.021983737125992775 33
1780056942441 0.022151999175548553 34
1780056946396 0.02222335711121559 35
1780056950318 0.021833721548318863 36
1780056954174 0.02193809486925602 37
1780056958023 0.021735824644565582 38
1780056961896 0.02160896174609661 39
1780056965767 0.021646080538630486 40
1780056969634 0.021554751321673393 41
1780056973526 0.021845461800694466 42
1780056977383 0.02125132828950882 43
1780056981251 0.021276675164699554 44
1780056985134 0.020992504432797432 45
1780056989033 0.021209893748164177 46
1780056992941 0.020975828170776367 47
1780056996815 0.020905714482069016 48
1780057000708 0.02088179811835289 49
1780057004588 0.020982567220926285 50
1780057008527 0.02069726586341858 51
1780057012380 0.020692018792033195 52
1780057016201 0.020629193633794785 53
1780057020070 0.02067926712334156 54
1780057023925 0.020806647837162018 55
1780057027771 0.02064667083323002 56
1780057031703 0.02049187198281288 57
1780057035574 0.020588889718055725 58
1780057039425 0.020391561090946198 59
1780057043379 0.020337527617812157 60
1780057047265 0.020522527396678925 61
1780057051175 0.020364874973893166 62
1780057055071 0.02039070427417755 63
1780057058984 0.020630333572626114 64
1780057062888 0.02034873329102993 65
1780057066836 0.020070472732186317 66
1780057070722 0.02027726359665394 67
1780057074574 0.020185180008411407 68
1780057078434 0.0201734509319067 69
1780057082272 0.020187553018331528 70
1780057086056 0.01998358964920044 71
1780057089925 0.020173192024230957 72
1780057093759 0.020224351435899734 73
1780057097607 0.020019905641674995 74
1780057101476 0.019813172519207 75
1780057105303 0.019753046333789825 76
1780057109144 0.019910825416445732 77
1780057113011 0.020265420898795128 78
1780057116871 0.019767431542277336 79
1780057120746 0.01988367922604084 80
1780057124614 0.01978227309882641 81
1780057128489 0.01969764195382595 82
1780057132316 0.019812611863017082 83
1780057136152 0.019605983048677444 84
1780057139997 0.019469738006591797 85
1780057143794 0.019528187811374664 86
