1779921707120 0.23368287634504728 1
1779921712232 0.22094209038603732 2
1779921717443 0.18177981734193718 3
1779921722560 0.16142036121328343 4
1779921727511 0.1543131714414795 5
1779921732553 0.15028375760747054 6
1779921737867 0.1478581544186294 7
1779921743070 0.14607451696041202 8
1779921748812 0.14458208685078897 9
1779921754145 0.14294718954065613 10
1779921759144 0.1415754277413049 11
1779921764583 0.1407608816980002 12
1779921769938 0.13861136267746776 13
1779921775777 0.138378985441667 14
1779921780967 0.1375483951169597 15
1779921785845 0.13645442470538716 16
1779921790905 0.13595995178687342 17
1779921795612 0.13513871913996445 18
1779921800719 0.13407852533517134 19
1779921805866 0.13281383274056366 20
1779921810913 0.13278114489862083 21
1779921815739 0.13168667476962914 22
1779921820896 0.13135895633315745 23
1779921826079 0.1306874934922565 24
1779921830875 0.13039077830708717 25
1779921836077 0.12926524205867088 26
1779921841143 0.13005393417167269 27
1779921846228 0.1291828382934749 28
1779921851398 0.12800836916140618 29
1779921856553 0.12813762923286967 30
1779921862090 0.12821540880958568 31
1779921867459 0.12687000584052285 32
1779921872795 0.12620995490819462 33
1779921878145 0.12583352043485838 34
1779921883408 0.12555451673191276 35
1779921888379 0.12514297968961977 36
1779921893684 0.12478438832029988 37
1779921898838 0.12441217333858336 38
1779921903995 0.12396352485171198 39
1779921909056 0.12243206378780613 40
