1779921707120 0.07529394328594208 1
1779921712232 0.07641472667455673 2
1779921717443 0.07126917690038681 3
1779921722560 0.07105459272861481 4
1779921727511 0.0705292820930481 5
1779921732553 0.07024373859167099 6
1779921737867 0.07015234977006912 7
1779921743070 0.0703769251704216 8
1779921748812 0.0698181763291359 9
1779921754145 0.070047527551651 10
1779921759144 0.06968262791633606 11
1779921764583 0.06993833184242249 12
1779921769938 0.06973978132009506 13
1779921775777 0.06931152939796448 14
1779921780967 0.06934583932161331 15
1779921785845 0.06901427358388901 16
1779921790905 0.06951556354761124 17
1779921795612 0.0692010223865509 18
1779921800719 0.06898077577352524 19
1779921805866 0.068871408700943 20
1779921810913 0.0690097063779831 21
1779921815739 0.06876540929079056 22
1779921820896 0.06896717846393585 23
1779921826079 0.06898670643568039 24
1779921830875 0.06832960993051529 25
1779921836077 0.06841111928224564 26
1779921841143 0.06828904151916504 27
1779921846228 0.06779436022043228 28
1779921851398 0.06747646629810333 29
1779921856553 0.06825477629899979 30
1779921862090 0.06779520213603973 31
1779921867459 0.06738314777612686 32
1779921872795 0.06712787598371506 33
1779921878145 0.06645028293132782 34
1779921883408 0.06673741340637207 35
1779921888379 0.06626753509044647 36
1779921893684 0.06724688410758972 37
1779921898838 0.0656455010175705 38
1779921903995 0.06661515682935715 39
1779921909056 0.0664387121796608 40
