1779921707120 0.006169431377202272 1
1779921712232 0.010024896822869778 2
1779921717443 -0.00018390404875390232 3
1779921722560 0.002783443545922637 4
1779921727511 0.002495185472071171 5
1779921732553 -0.005403552670031786 6
1779921737867 -0.0005789189017377794 7
1779921743070 -0.004689559806138277 8
1779921748812 -0.0013667470775544643 9
1779921754145 8.140621503116563e-05 10
1779921759144 0.0018294599140062928 11
1779921764583 0.0031053966376930475 12
1779921769938 0.0022689737379550934 13
1779921775777 -3.270039087510668e-05 14
1779921780967 0.0014115115627646446 15
1779921785845 0.0005700595211237669 16
1779921790905 0.002750451909378171 17
1779921795612 0.004304063506424427 18
1779921800719 0.004004588816314936 19
1779921805866 -0.002083060098811984 20
1779921810913 0.0027838724199682474 21
1779921815739 0.000787776370998472 22
1779921820896 -0.0019399430602788925 23
1779921826079 0.0032161432318389416 24
1779921830875 0.0013187577715143561 25
1779921836077 0.0038839310873299837 26
1779921841143 0.0025944977533072233 27
1779921846228 -0.0017040774691849947 28
1779921851398 0.004328280221670866 29
1779921856553 0.0016905228840187192 30
1779921862090 -0.0018486985936760902 31
1779921867459 -0.000127143575809896 32
1779921872795 0.0032535057980567217 33
1779921878145 -0.0012157518649473786 34
1779921883408 0.0009371705236844718 35
1779921888379 0.0001314504334004596 36
1779921893684 0.004421538673341274 37
1779921898838 -0.000564380141440779 38
1779921903995 0.0017715934664011002 39
1779921909056 0.0007537930505350232 40
