1779921707120 0.03072640672326088 1
1779921712232 0.02917606197297573 2
1779921717443 0.023480070754885674 3
1779921722560 0.022989565506577492 4
1779921727511 0.021983055397868156 5
1779921732553 0.022236956283450127 6
1779921737867 0.02153930999338627 7
1779921743070 0.022213967517018318 8
1779921748812 0.02125641144812107 9
1779921754145 0.02145039476454258 10
1779921759144 0.021158691495656967 11
1779921764583 0.020861828699707985 12
1779921769938 0.020703742280602455 13
1779921775777 0.020362012088298798 14
1779921780967 0.020375514402985573 15
1779921785845 0.020098136737942696 16
1779921790905 0.020419372245669365 17
1779921795612 0.01998307555913925 18
1779921800719 0.019965698942542076 19
1779921805866 0.019877811893820763 20
1779921810913 0.019526464864611626 21
1779921815739 0.019486207515001297 22
1779921820896 0.019962871447205544 23
1779921826079 0.019726766273379326 24
1779921830875 0.019343921914696693 25
1779921836077 0.0201459638774395 26
1779921841143 0.01922067254781723 27
1779921846228 0.01904294639825821 28
1779921851398 0.01975444331765175 29
1779921856553 0.020507823675870895 30
1779921862090 0.019348271191120148 31
1779921867459 0.019023314118385315 32
1779921872795 0.019285233691334724 33
1779921878145 0.01905117556452751 34
1779921883408 0.018831266090273857 35
1779921888379 0.01851678639650345 36
1779921893684 0.019467109814286232 37
1779921898838 0.0186923798173666 38
1779921903995 0.01891646906733513 39
1779921909056 0.018554730340838432 40
