1780065503524 -0.004861276596784592 1
1780065506919 -0.0024001658894121647 2
1780065510263 0.007087405305355787 3
1780065513567 0.005271351430565119 4
1780065516891 -0.0013103645760565996 5
1780065520190 -0.003900867886841297 6
1780065523491 0.0002662019687704742 7
1780065526752 0.005473232828080654 8
1780065530001 0.002301598899066448 9
1780065533229 0.003581888508051634 10
1780065536452 -0.004801892209798098 11
1780065539680 0.002557344501838088 12
1780065542923 0.004569468554109335 13
1780065546181 -0.0046363589353859425 14
1780065549401 0.007962011732161045 15
1780065552656 -0.0007587193395011127 16
1780065555867 0.0003911991079803556 17
1780065559114 0.006059786770492792 18
1780065562620 -0.0023695772979408503 19
1780065566169 0.0012621193891391158 20
1780065569718 0.0005816379562020302 21
1780065573254 -0.0009828595211729407 22
1780065576805 -0.0014439659425988793 23
1780065580316 -0.0028698632959276438 24
1780065583882 0.002862281631678343 25
1780065587403 0.0017656850395724177 26
1780065590751 -0.0002781653602141887 27
1780065593946 0.0027894137892872095 28
1780065597194 -0.0011560554848983884 29
1780065600367 -0.0008062177221290767 30
1780065603592 -5.295804294291884e-05 31
1780065606790 -0.0004056737234350294 32
1780065610008 -0.0006830170750617981 33
1780065613178 0.005392699968069792 34
1780065616392 -0.006366189103573561 35
1780065619568 0.00046432638191618025 36
1780065622851 0.0012315126368775964 37
1780065626097 -0.0001233421207871288 38
1780065629399 0.0054886178113520145 39
1780065632750 0.0012206047540530562 40
1780065636028 -0.0006207103724591434 41
1780065639343 0.00034041336039081216 42
1780065642626 -0.0011517504462972283 43
1780065645941 0.000952320930082351 44
1780065649241 -8.45810427563265e-05 45
1780065652449 -0.0020510214380919933 46
1780065655604 -0.0011439232621341944 47
1780065658780 0.0007364657358266413 48
1780065662052 -0.0016612129984423518 49
1780065665254 0.0031527401879429817 50
1780065668433 -0.0024262205697596073 51
1780065671602 -0.0002995768445543945 52
1780065674824 -0.004051762167364359 53
1780065678000 0.0017677820287644863 54
1780065681415 0.0005603473982773721 55
1780065684905 -0.0013547800481319427 56
1780065688420 -0.0002267922245664522 57
1780065691940 0.003929007798433304 58
1780065695447 -0.0013121600495651364 59
1780065698976 0.0002018075465457514 60
1780065702361 0.0010974324541166425 61
1780065705833 0.002527728211134672 62
1780065709302 -0.0008160362485796213 63
1780065712570 0.004843637812882662 64
1780065715809 -0.002110421657562256 65
1780065719016 0.0010161723475903273 66
1780065722216 -0.0003604922676458955 67
1780065725395 -0.0010850753169506788 68
1780065728645 0.00034956735908053815 69
1780065731847 -0.0009469297947362065 70
1780065735096 0.005494727287441492 71
1780065738340 0.001928284065797925 72
1780065741620 0.0014926958829164505 73
1780065744911 0.0028895982541143894 74
1780065748187 0.0037146208342164755 75
1780065751448 -0.002095373347401619 76
1780065754761 -0.0018306155689060688 77
1780065758074 -0.000889283197466284 78
1780065761371 0.0008279503090307117 79
1780065764625 -0.0015993607230484486 80
1780065767988 -0.0023249569348990917 81
1780065771240 -0.00234333542175591 82
1780065774454 0.0009251610608771443 83
1780065777651 0.0007272096700035036 84
1780065780940 0.0027318524662405252 85
1780065784123 -0.005774896591901779 86
1780065787310 0.0007217699312604964 87
1780065790535 -0.0013975297333672643 88
1780065793822 0.00016343897732440382 89
