1780065503524 0.031838200986385345 1
1780065506919 0.03002813830971718 2
1780065510263 0.026734214276075363 3
1780065513567 0.024682095274329185 4
1780065516891 0.02432125248014927 5
1780065520190 0.02494930662214756 6
1780065523491 0.02329644374549389 7
1780065526752 0.023565350100398064 8
1780065530001 0.02282511256635189 9
1780065533229 0.02276363968849182 10
1780065536452 0.023106083273887634 11
1780065539680 0.022516684606671333 12
1780065542923 0.02333066239953041 13
1780065546181 0.022678596898913383 14
1780065549401 0.023331468924880028 15
1780065552656 0.022107817232608795 16
1780065555867 0.022037670016288757 17
1780065559114 0.02256341278553009 18
1780065562620 0.022732175886631012 19
1780065566169 0.022107969969511032 20
1780065569718 0.021609893068671227 21
1780065573254 0.02139759063720703 22
1780065576805 0.021941693499684334 23
1780065580316 0.02175484597682953 24
1780065583882 0.022105049341917038 25
1780065587403 0.021372461691498756 26
1780065590751 0.021472372114658356 27
1780065593946 0.02157028578221798 28
1780065597194 0.021456800401210785 29
1780065600367 0.021321337670087814 30
1780065603592 0.02156112715601921 31
1780065606790 0.02129555307328701 32
1780065610008 0.020990248769521713 33
1780065613178 0.021444156765937805 34
1780065616392 0.021934544667601585 35
1780065619568 0.021119773387908936 36
1780065622851 0.020880963653326035 37
1780065626097 0.0214986689388752 38
1780065629399 0.021330730989575386 39
1780065632750 0.020669780671596527 40
1780065636028 0.02059720829129219 41
1780065639343 0.02061222307384014 42
1780065642626 0.020671317353844643 43
1780065645941 0.020438920706510544 44
1780065649241 0.020367130637168884 45
1780065652449 0.020962385460734367 46
1780065655604 0.020564930513501167 47
1780065658780 0.02022593840956688 48
1780065662052 0.02058285102248192 49
1780065665254 0.020716046914458275 50
1780065668433 0.02065127156674862 51
1780065671602 0.020259182900190353 52
1780065674824 0.020696617662906647 53
1780065678000 0.020363951101899147 54
1780065681415 0.02043665014207363 55
1780065684905 0.020693179219961166 56
1780065688420 0.02008843794465065 57
1780065691940 0.020711775869131088 58
1780065695447 0.020362211391329765 59
1780065698976 0.020436378195881844 60
1780065702361 0.020019354298710823 61
1780065705833 0.019972695037722588 62
1780065709302 0.019842125475406647 63
1780065712570 0.02044064924120903 64
1780065715809 0.020394079387187958 65
1780065719016 0.019749190658330917 66
1780065722216 0.019736312329769135 67
1780065725395 0.019698038697242737 68
1780065728645 0.019612284377217293 69
1780065731847 0.019794246181845665 70
1780065735096 0.02057621069252491 71
1780065738340 0.019689947366714478 72
1780065741620 0.019914312288165092 73
1780065744911 0.02183208428323269 74
1780065748187 0.020625483244657516 75
1780065751448 0.02021050825715065 76
1780065754761 0.020259052515029907 77
1780065758074 0.0198323056101799 78
1780065761371 0.019984349608421326 79
1780065764625 0.020183295011520386 80
1780065767988 0.020509006455540657 81
1780065771240 0.02069464512169361 82
1780065774454 0.01961088739335537 83
1780065777651 0.019813627004623413 84
1780065780940 0.01975368894636631 85
1780065784123 0.02066297084093094 86
1780065787310 0.02006259560585022 87
1780065790535 0.019418766722083092 88
1780065793822 0.019686423242092133 89
