1780065503524 0.3044896308828862 1
1780065506919 0.29311455233341543 2
1780065510263 0.24879934656065564 3
1780065513567 0.21841098096450084 4
1780065516891 0.20906284187642768 5
1780065520190 0.20553219465668812 6
1780065523491 0.20088148414773618 7
1780065526752 0.19823001621263475 8
1780065530001 0.19681113173921314 9
1780065533229 0.1955465619820495 10
1780065536452 0.1932571310841382 11
1780065539680 0.1914242153502922 12
1780065542923 0.18943741623052332 13
1780065546181 0.18983861829998883 14
1780065549401 0.18853723200286165 15
1780065552656 0.18638177812256973 16
1780065555867 0.18576737067191595 17
1780065559114 0.18604383405778424 18
1780065562620 0.18657743603180124 19
1780065566169 0.1833234205133189 20
1780065569718 0.1826397246084556 21
1780065573254 0.18171988867113 22
1780065576805 0.1888590823173775 23
1780065580316 0.18380883813345408 24
1780065583882 0.1810640492663575 25
1780065587403 0.17991197112372764 26
1780065590751 0.17877767489431523 27
1780065593946 0.181924434390557 28
1780065597194 0.1778186067592266 29
1780065600367 0.17784303806359875 30
1780065603592 0.17744220512865966 31
1780065606790 0.17660314554297396 32
1780065610008 0.1768098737233285 33
1780065613178 0.1759853432974906 34
1780065616392 0.1752657245049139 35
1780065619568 0.17479560863675578 36
1780065622851 0.17685087820629236 37
1780065626097 0.17389724239801505 38
1780065629399 0.17374152886281558 39
1780065632750 0.17246244823359283 40
1780065636028 0.17258457611876107 41
1780065639343 0.1744032783106946 42
1780065642626 0.17117307232751908 43
1780065645941 0.17419532015447134 44
1780065649241 0.17051276989107908 45
1780065652449 0.17044838632104511 46
1780065655604 0.1717653639110526 47
1780065658780 0.1704066529176956 48
1780065662052 0.17018099698625963 49
1780065665254 0.17074227187365104 50
1780065668433 0.1692807883906314 51
1780065671602 0.16834099586052825 52
1780065674824 0.16908554089340297 53
1780065678000 0.16829298356307737 54
1780065681415 0.16760525331846252 55
1780065684905 0.16840989798716965 56
1780065688420 0.16859063620326634 57
1780065691940 0.16741141465041653 58
1780065695447 0.16595973814768722 59
1780065698976 0.16826268980165365 60
1780065702361 0.16765593056887956 61
1780065705833 0.16602012225235743 62
1780065709302 0.1656222781894953 63
1780065712570 0.1657024191546768 64
1780065715809 0.16524006914638817 65
1780065719016 0.16605615537085947 66
1780065722216 0.16442667484188936 67
1780065725395 0.1641013653236136 68
1780065728645 0.1653346317814344 69
1780065731847 0.16458353551447266 70
1780065735096 0.16488502759793597 71
1780065738340 0.16379262652665566 72
1780065741620 0.16341403385045414 73
1780065744911 0.1793627635778635 74
1780065748187 0.17432996400693002 75
1780065751448 0.16965359828216328 76
1780065754761 0.16825812195780163 77
1780065758074 0.16472805355208872 78
1780065761371 0.16616872870550348 79
1780065764625 0.16457143892193446 80
1780065767988 0.16331560406479473 81
1780065771240 0.16382945792052508 82
1780065774454 0.16642670664959933 83
1780065777651 0.16737492633766907 84
1780065780940 0.16355277649885 85
1780065784123 0.16275235931792673 86
1780065787310 0.16214511941244183 87
1780065790535 0.1614071314575556 88
1780065793822 0.16363565971086444 89
