1780065503524 0.05194569006562233 1
1780065506919 0.049889400601387024 2
1780065510263 0.04675963148474693 3
1780065513567 0.044907346367836 4
1780065516891 0.04447636753320694 5
1780065520190 0.04435393586754799 6
1780065523491 0.042980145663022995 7
1780065526752 0.043441496789455414 8
1780065530001 0.042405515909194946 9
1780065533229 0.04235741123557091 10
1780065536452 0.04210082069039345 11
1780065539680 0.04194417595863342 12
1780065542923 0.04184076189994812 13
1780065546181 0.041472092270851135 14
1780065549401 0.04240761697292328 15
1780065552656 0.041512440890073776 16
1780065555867 0.04107104614377022 17
1780065559114 0.04183301329612732 18
1780065562620 0.04153621569275856 19
1780065566169 0.04179257154464722 20
1780065569718 0.040776994079351425 21
1780065573254 0.04079793021082878 22
1780065576805 0.040928661823272705 23
1780065580316 0.04063738137483597 24
1780065583882 0.04056607931852341 25
1780065587403 0.04025396704673767 26
1780065590751 0.04026195779442787 27
1780065593946 0.04075830802321434 28
1780065597194 0.040084339678287506 29
1780065600367 0.040676333010196686 30
1780065603592 0.04078828915953636 31
1780065606790 0.04008059948682785 32
1780065610008 0.03996501863002777 33
1780065613178 0.0407804474234581 34
1780065616392 0.04019434005022049 35
1780065619568 0.0397835336625576 36
1780065622851 0.03968862071633339 37
1780065626097 0.040790315717458725 38
1780065629399 0.04063531756401062 39
1780065632750 0.03990170359611511 40
1780065636028 0.03938483074307442 41
1780065639343 0.0399286225438118 42
1780065642626 0.039845339953899384 43
1780065645941 0.039453115314245224 44
1780065649241 0.03923575207591057 45
1780065652449 0.039663415402173996 46
1780065655604 0.03977840766310692 47
1780065658780 0.03928259387612343 48
1780065662052 0.03943353146314621 49
1780065665254 0.04069485887885094 50
1780065668433 0.039348263293504715 51
1780065671602 0.03974326699972153 52
1780065674824 0.03958606347441673 53
1780065678000 0.03946148231625557 54
1780065681415 0.03904782980680466 55
1780065684905 0.0393899604678154 56
1780065688420 0.03890815004706383 57
1780065691940 0.03944126516580582 58
1780065695447 0.03866789862513542 59
1780065698976 0.039405208081007004 60
1780065702361 0.03871549293398857 61
1780065705833 0.038707900792360306 62
1780065709302 0.03849312663078308 63
1780065712570 0.03903074190020561 64
1780065715809 0.038481127470731735 65
1780065719016 0.03836188465356827 66
1780065722216 0.038408324122428894 67
1780065725395 0.039180073887109756 68
1780065728645 0.038068097084760666 69
1780065731847 0.03837663307785988 70
1780065735096 0.03972095251083374 71
1780065738340 0.03815748170018196 72
1780065741620 0.038530442863702774 73
1780065744911 0.040784310549497604 74
1780065748187 0.03924458101391792 75
1780065751448 0.039330076426267624 76
1780065754761 0.03921758010983467 77
1780065758074 0.03872043639421463 78
1780065761371 0.0382121317088604 79
1780065764625 0.03901208937168121 80
1780065767988 0.038479797542095184 81
1780065771240 0.0391080304980278 82
1780065774454 0.038734082132577896 83
1780065777651 0.03841418772935867 84
1780065780940 0.0381041057407856 85
1780065784123 0.038757484406232834 86
1780065787310 0.03873336687684059 87
1780065790535 0.037765610963106155 88
1780065793822 0.03831368312239647 89
