1779919864734 0.14958018608964407 1
1779919867966 0.1393656753576719 2
1779919871056 0.13720024561325272 3
1779919874086 0.13614900938265925 4
1779919877189 0.13577838864300276 5
1779919880344 0.13483246112917804 6
1779919883477 0.13460597563739662 7
1779919886516 0.13401908390633352 8
1779919889536 0.13410250433198698 9
1779919892638 0.1337236341211822 10
1779919895756 0.1337906507427221 11
1779919898801 0.1333686790869131 12
1779919901868 0.13307411342368022 13
1779919905005 0.13327134011702224 14
1779919908085 0.13303084151594194 15
1779919911120 0.1327398317855793 16
1779919914159 0.13296725474052376 17
1779919917296 0.13251717208505986 18
1779919920357 0.1327113766673502 19
1779919923445 0.13250737371189253 20
1779919926544 0.1324032779250826 21
1779919929712 0.13227746447364053 22
1779919932914 0.1319758883871875 23
1779919936017 0.13195254514505575 24
1779919939082 0.13208188468610849 25
1779919942272 0.13240216909856586 26
1779919945369 0.13199747902351422 27
1779919948474 0.13130213234287041 28
1779919951573 0.13201575075368305 29
1779919954813 0.13118958415893409 30
1779919958004 0.13124113636357443 31
1779919961247 0.13153588734976537 32
1779919964455 0.13293414165849213 33
1779919967755 0.1307566575706005 34
1779919970923 0.13110146319473182 35
1779919974090 0.1304934100135342 36
1779919977270 0.13064383084957415 37
1779919980520 0.13053950630537756 38
1779919983757 0.1314129731976069 39
1779919986956 0.13071010802145844 40
