1779919864734 -0.0033394391648471355 1
1779919867966 -0.0003762860142160207 2
1779919871056 0.00024365024000871927 3
1779919874086 0.004485234618186951 4
1779919877189 0.003832219634205103 5
1779919880344 -0.0002537953550927341 6
1779919883477 -0.0021055194083601236 7
1779919886516 0.0022148278076201677 8
1779919889536 0.003733640071004629 9
1779919892638 0.0037163456436246634 10
1779919895756 0.004224267788231373 11
1779919898801 0.0011727951932698488 12
1779919901868 0.0012355486396700144 13
1779919905005 0.002448952291160822 14
1779919908085 0.00025973396259360015 15
1779919911120 0.0056625846773386 16
1779919914159 0.0008811169536784291 17
1779919917296 0.0020155501551926136 18
1779919920357 0.0006183868972584605 19
1779919923445 -0.002428805222734809 20
1779919926544 0.0010629628086462617 21
1779919929712 0.0017235773848369718 22
1779919932914 -0.0006768664461560547 23
1779919936017 0.0008354313322342932 24
1779919939082 -0.002247666008770466 25
1779919942272 0.00016376083658542484 26
1779919945369 0.002913210541009903 27
1779919948474 0.0007259039557538927 28
1779919951573 0.0030380734242498875 29
1779919954813 0.002182602882385254 30
1779919958004 -0.0021903924643993378 31
1779919961247 0.001913224346935749 32
1779919964455 0.0010073339799419045 33
1779919967755 0.0017987829633057117 34
1779919970923 0.002670673653483391 35
1779919974090 0.002271064789965749 36
1779919977270 0.0014618015848100185 37
1779919980520 0.0037244970444589853 38
1779919983757 -0.001164376619271934 39
1779919986956 0.0015736804343760014 40
