1779919864734 0.031088802963495255 1
1779919867966 0.02960796281695366 2
1779919871056 0.030537918210029602 3
1779919874086 0.030791593715548515 4
1779919877189 0.029912114143371582 5
1779919880344 0.029411623254418373 6
1779919883477 0.02915460430085659 7
1779919886516 0.02931557223200798 8
1779919889536 0.02983248606324196 9
1779919892638 0.02957896515727043 10
1779919895756 0.029832525178790092 11
1779919898801 0.030120300129055977 12
1779919901868 0.029494961723685265 13
1779919905005 0.02936031110584736 14
1779919908085 0.03009452112019062 15
1779919911120 0.030005652457475662 16
1779919914159 0.029611006379127502 17
1779919917296 0.02913631871342659 18
1779919920357 0.02921479195356369 19
1779919923445 0.02916802652180195 20
1779919926544 0.029199298471212387 21
1779919929712 0.029020966961979866 22
1779919932914 0.02894357405602932 23
1779919936017 0.029483946040272713 24
1779919939082 0.029050583019852638 25
1779919942272 0.028947649523615837 26
1779919945369 0.02988521382212639 27
1779919948474 0.02927115373313427 28
1779919951573 0.030049610882997513 29
1779919954813 0.02932523563504219 30
1779919958004 0.028802674263715744 31
1779919961247 0.0295096542686224 32
1779919964455 0.029526956379413605 33
1779919967755 0.029406137764453888 34
1779919970923 0.0288347490131855 35
1779919974090 0.029116790741682053 36
1779919977270 0.02947426587343216 37
1779919980520 0.029125351458787918 38
1779919983757 0.02873361110687256 39
1779919986956 0.029149437323212624 40
