1779919864734 0.07530892640352249 1
1779919867966 0.074822336435318 2
1779919871056 0.07467085123062134 3
1779919874086 0.07468023151159286 4
1779919877189 0.07473168522119522 5
1779919880344 0.07437476515769958 6
1779919883477 0.07443709671497345 7
1779919886516 0.07443136721849442 8
1779919889536 0.07443194091320038 9
1779919892638 0.07447424530982971 10
1779919895756 0.07439523190259933 11
1779919898801 0.07425890117883682 12
1779919901868 0.07421284168958664 13
1779919905005 0.07425670325756073 14
1779919908085 0.07421109080314636 15
1779919911120 0.07454121112823486 16
1779919914159 0.07415097951889038 17
1779919917296 0.0742596685886383 18
1779919920357 0.07414311170578003 19
1779919923445 0.07423638552427292 20
1779919926544 0.07413754612207413 21
1779919929712 0.07422641664743423 22
1779919932914 0.07413206994533539 23
1779919936017 0.07423890382051468 24
1779919939082 0.07422838360071182 25
1779919942272 0.07413973659276962 26
1779919945369 0.07416939735412598 27
1779919948474 0.07410949468612671 28
1779919951573 0.07421503961086273 29
1779919954813 0.07426921278238297 30
1779919958004 0.07409201562404633 31
1779919961247 0.07405639439821243 32
1779919964455 0.07407107204198837 33
1779919967755 0.07415488362312317 34
1779919970923 0.07433397322893143 35
1779919974090 0.07409267872571945 36
1779919977270 0.07397986203432083 37
1779919980520 0.07415879517793655 38
1779919983757 0.07395737618207932 39
1779919986956 0.07391531765460968 40
