1780067437048 0.051610082387924194 1
1780067440284 0.05116936191916466 2
1780067443532 0.048525385558605194 3
1780067446760 0.04519615322351456 4
1780067449972 0.04557590186595917 5
1780067453176 0.04376833513379097 6
1780067456362 0.04447406157851219 7
1780067459554 0.04369373992085457 8
1780067462723 0.043185606598854065 9
1780067465924 0.04279639571905136 10
1780067469098 0.04287475720047951 11
1780067472260 0.0436079204082489 12
1780067475484 0.04257519915699959 13
1780067478719 0.04208200052380562 14
1780067482167 0.04224013537168503 15
1780067485695 0.0423741452395916 16
1780067489243 0.04133632406592369 17
1780067492765 0.04159493371844292 18
1780067496267 0.04084803909063339 19
1780067499817 0.0410519503057003 20
1780067503318 0.04071634262800217 21
1780067506775 0.04084708169102669 22
1780067510182 0.042148079723119736 23
1780067513326 0.04091743752360344 24
1780067516460 0.040945060551166534 25
1780067519664 0.04019080474972725 26
1780067522830 0.040357645601034164 27
1780067526021 0.040966495871543884 28
1780067529279 0.04532143101096153 29
1780067532476 0.0406511090695858 30
1780067535658 0.040358785539865494 31
1780067538977 0.04090065136551857 32
1780067542267 0.0402483195066452 33
1780067545520 0.04122086241841316 34
1780067548833 0.04042932391166687 35
1780067552076 0.04001098871231079 36
1780067555338 0.040215421468019485 37
1780067558515 0.039481017738580704 38
1780067561754 0.039364926517009735 39
1780067565058 0.03930947184562683 40
1780067568340 0.03954223543405533 41
1780067571603 0.03932005912065506 42
1780067574818 0.03918954357504845 43
1780067577984 0.03869054839015007 44
1780067581217 0.03897705301642418 45
1780067584423 0.03929104283452034 46
1780067587630 0.03919563814997673 47
1780067590828 0.038536347448825836 48
1780067593963 0.03930140659213066 49
1780067597102 0.03882259130477905 50
1780067600409 0.03889625519514084 51
1780067603926 0.03908616304397583 52
1780067607459 0.03851117193698883 53
1780067610959 0.038598157465457916 54
1780067614454 0.0386803112924099 55
1780067617917 0.03898445516824722 56
1780067621392 0.03818421810865402 57
1780067624896 0.03863885626196861 58
1780067628452 0.048720456659793854 59
