1780067437048 0.03169146180152893 1
1780067440284 0.032020967453718185 2
1780067443532 0.027452977374196053 3
1780067446760 0.025244398042559624 4
1780067449972 0.025173122063279152 5
1780067453176 0.023585917428135872 6
1780067456362 0.024373697116971016 7
1780067459554 0.023479053750634193 8
1780067462723 0.023420581594109535 9
1780067465924 0.0227307491004467 10
1780067469098 0.022874658927321434 11
1780067472260 0.023453358560800552 12
1780067475484 0.022518182173371315 13
1780067478719 0.021969448775053024 14
1780067482167 0.022330142557621002 15
1780067485695 0.02289322391152382 16
1780067489243 0.0218382366001606 17
1780067492765 0.022020090371370316 18
1780067496267 0.021624630317091942 19
1780067499817 0.02190651372075081 20
1780067503318 0.021613173186779022 21
1780067506775 0.021869683638215065 22
1780067510182 0.022635411471128464 23
1780067513326 0.021565821021795273 24
1780067516460 0.02201971784234047 25
1780067519664 0.020947426557540894 26
1780067522830 0.020821133628487587 27
1780067526021 0.021793996915221214 28
1780067529279 0.02464539371430874 29
1780067532476 0.021267468109726906 30
1780067535658 0.021505290642380714 31
1780067538977 0.021466396749019623 32
1780067542267 0.020923137664794922 33
1780067545520 0.021675648167729378 34
1780067548833 0.020982880145311356 35
1780067552076 0.021167051047086716 36
1780067555338 0.02082660421729088 37
1780067558515 0.02042851597070694 38
1780067561754 0.02034703828394413 39
1780067565058 0.020142585039138794 40
1780067568340 0.020444728434085846 41
1780067571603 0.020299488678574562 42
1780067574818 0.020280512049794197 43
1780067577984 0.020140640437602997 44
1780067581217 0.02022518403828144 45
1780067584423 0.02080824039876461 46
1780067587630 0.02004566788673401 47
1780067590828 0.01995774917304516 48
1780067593963 0.020249107852578163 49
1780067597102 0.020361820235848427 50
1780067600409 0.020208006724715233 51
1780067603926 0.020447053015232086 52
1780067607459 0.019835976883769035 53
1780067610959 0.019979605451226234 54
1780067614454 0.019677720963954926 55
1780067617917 0.01994558423757553 56
1780067621392 0.019699743017554283 57
1780067624896 0.0200937669724226 58
1780067628452 0.028659870848059654 59
