1780067437048 0.3167194257200898 1
1780067440284 0.3069034349055169 2
1780067443532 0.273886529937481 3
1780067446760 0.23738420067894533 4
1780067449972 0.22498748989393796 5
1780067453176 0.21810944100357513 6
1780067456362 0.21406288092944134 7
1780067459554 0.2119032625132585 8
1780067462723 0.20872023559114394 9
1780067465924 0.2069117695203417 10
1780067469098 0.20559645997828963 11
1780067472260 0.20355996291052716 12
1780067475484 0.20356052444487746 13
1780067478719 0.20121829143979333 14
1780067482167 0.20118931549390578 15
1780067485695 0.19961264870478032 16
1780067489243 0.19839348009222404 17
1780067492765 0.1966256350357613 18
1780067496267 0.1951961674694027 19
1780067499817 0.19519811448095717 20
1780067503318 0.19358281742379732 21
1780067506775 0.19139276586677761 22
1780067510182 0.19413117015336584 23
1780067513326 0.19174209010273408 24
1780067516460 0.19078516256828137 25
1780067519664 0.18792495758412503 26
1780067522830 0.18711592033347924 27
1780067526021 0.18601978326858223 28
1780067529279 0.1929755936402347 29
1780067532476 0.19887598941051432 30
1780067535658 0.1882878438851168 31
1780067538977 0.1854587166902883 32
1780067542267 0.18481602885191334 33
1780067545520 0.1844348903532764 34
1780067548833 0.18655636260801844 35
1780067552076 0.18599377388240923 36
1780067555338 0.18261259502827742 37
1780067558515 0.18191672763915193 38
1780067561754 0.18109818245530382 39
1780067565058 0.1812368745720664 40
1780067568340 0.1798811851593077 41
1780067571603 0.18047030791482765 42
1780067574818 0.18014109199256273 43
1780067577984 0.17960947155794937 44
1780067581217 0.1786719431695046 45
1780067584423 0.17834441645767926 46
1780067587630 0.17793513324907165 47
1780067590828 0.17893854660980293 48
1780067593963 0.17648098809175966 49
1780067597102 0.17625596260860657 50
1780067600409 0.17676010122227367 51
1780067603926 0.17568233455619903 52
1780067607459 0.17598547843968138 53
1780067610959 0.17594893625592833 54
1780067614454 0.17482355174000117 55
1780067617917 0.17513428941904616 56
1780067621392 0.17413004890210282 57
1780067624896 0.17920777222917397 58
1780067628452 0.24496230879211778 59
