1780067437048 -0.002736597554758191 1
1780067440284 0.003825950436294079 2
1780067443532 0.0039147925563156605 3
1780067446760 -0.003414146602153778 4
1780067449972 0.005807316396385431 5
1780067453176 0.0007126256241463125 6
1780067456362 -0.0016720118001103401 7
1780067459554 0.00022501510102301836 8
1780067462723 -0.0004936887416988611 9
1780067465924 0.0008790718857198954 10
1780067469098 0.0031967812683433294 11
1780067472260 0.006741980090737343 12
1780067475484 0.002604807261377573 13
1780067478719 0.0013147365534678102 14
1780067482167 0.003631320083513856 15
1780067485695 0.0068880487233400345 16
1780067489243 0.0014762444188818336 17
1780067492765 0.003290128894150257 18
1780067496267 7.757593266433105e-05 19
1780067499817 0.00018406120943836868 20
1780067503318 0.001701577566564083 21
1780067506775 -0.003706483170390129 22
1780067510182 0.005600031465291977 23
1780067513326 -0.0021250902209430933 24
1780067516460 -0.0026704806368798018 25
1780067519664 0.00016884729848243296 26
1780067522830 0.0009887758642435074 27
1780067526021 0.0033590635284781456 28
1780067529279 0.005456882528960705 29
1780067532476 0.002590450458228588 30
1780067535658 0.0015998870367184281 31
1780067538977 0.005137232597917318 32
1780067542267 0.00031509873224422336 33
1780067545520 0.003782473271712661 34
1780067548833 0.0004474734596442431 35
1780067552076 0.002974594011902809 36
1780067555338 0.002803915413096547 37
1780067558515 0.00112878845538944 38
1780067561754 0.002564074005931616 39
1780067565058 0.0012081151362508535 40
1780067568340 0.004156490787863731 41
1780067571603 -0.00024475654936395586 42
1780067574818 0.0017761460039764643 43
1780067577984 -0.0013943257508799434 44
1780067581217 -0.0014420854859054089 45
1780067584423 -0.003817118238657713 46
1780067587630 0.0006599322659894824 47
1780067590828 -0.00011668870138237253 48
1780067593963 0.0024002075660973787 49
1780067597102 0.004729027394205332 50
1780067600409 0.0008510253974236548 51
1780067603926 0.0028021878097206354 52
1780067607459 -0.0009475346887484193 53
1780067610959 -0.0025302963331341743 54
1780067614454 0.0012419667327776551 55
1780067617917 0.0003453470708336681 56
1780067621392 0.0005553419468924403 57
1780067624896 -0.0013803864130750299 58
1780067628452 0.0023216300178319216 59
