1780537358518 0.032973214983940125 1
1780537367754 0.03402506932616234 2
1780537376366 0.03227388858795166 3
1780537384960 0.026114925742149353 4
1780537393888 0.026505274698138237 5
1780537402790 0.02526605874300003 6
1780537411554 0.024715840816497803 7
1780537420469 0.025256220251321793 8
1780537429207 0.02396330237388611 9
1780537438105 0.024071697145700455 10
1780537447052 0.023603327572345734 11
1780537455870 0.023096803575754166 12
1780537464885 0.023385172709822655 13
1780537473497 0.023824568837881088 14
1780537482447 0.023533659055829048 15
1780537491486 0.023248082026839256 16
1780537500221 0.02343076653778553 17
1780537509175 0.022865062579512596 18
1780537517796 0.02302333526313305 19
1780537526918 0.022567128762602806 20
1780537535901 0.023070065304636955 21
1780537544563 0.02252831496298313 22
1780537553589 0.02226671576499939 23
1780537562428 0.022579045966267586 24
1780537571451 0.023087497800588608 25
1780537580652 0.02191835828125477 26
1780537589538 0.022222580388188362 27
1780537598737 0.022270089015364647 28
1780537607302 0.022527946159243584 29
1780537616608 0.02188948355615139 30
1780537625546 0.021656131371855736 31
1780537634230 0.021682651713490486 32
1780537643045 0.02206719107925892 33
1780537651719 0.022874068468809128 34
1780537660632 0.021696072071790695 35
1780537669870 0.021590255200862885 36
1780537678832 0.021325837820768356 37
1780537688023 0.021666916087269783 38
1780537696958 0.021947696805000305 39
1780537706183 0.02160790003836155 40
1780537715037 0.021530894562602043 41
1780537724265 0.02197529748082161 42
1780537733282 0.02205018699169159 43
1780537741902 0.02199728414416313 44
1780537750994 0.02142278477549553 45
1780537759698 0.021580249071121216 46
1780537768798 0.021691106259822845 47
1780537777795 0.022329965606331825 48
1780537786753 0.021571258082985878 49
1780537795957 0.021347351372241974 50
1780537804610 0.02134224958717823 51
1780537814188 0.021241972222924232 52
1780537823371 0.021637868136167526 53
1780537832349 0.021056272089481354 54
1780537841491 0.0219190064817667 55
1780537850200 0.021111195906996727 56
