1780537358518 0.005810691975057125 1
1780537367754 -0.0020577339455485344 2
1780537376366 -0.0057301088236272335 3
1780537384960 -0.0006090293754823506 4
1780537393888 -0.0045316931791603565 5
1780537402790 -0.002600107342004776 6
1780537411554 0.0014018696965649724 7
1780537420469 0.0045091696083545685 8
1780537429207 0.004652412608265877 9
1780537438105 0.0010041971690952778 10
1780537447052 -0.0013936675386503339 11
1780537455870 7.149949669837952e-05 12
1780537464885 -0.0031244729179888964 13
1780537473497 -0.0034817862324416637 14
1780537482447 0.004571742378175259 15
1780537491486 -0.0016462331404909492 16
1780537500221 -0.0005325605743564665 17
1780537509175 0.003306445898488164 18
1780537517796 -0.0010195531649515033 19
1780537526918 0.0015670974971726537 20
1780537535901 0.002713636262342334 21
1780537544563 0.0002620179147925228 22
1780537553589 -0.0016797228017821908 23
1780537562428 0.0061427936889231205 24
1780537571451 0.006712970789521933 25
1780537580652 0.0028216021601110697 26
1780537589538 0.0018414724618196487 27
1780537598737 0.0013901774073019624 28
1780537607302 -0.0041393740102648735 29
1780537616608 -0.0011372696608304977 30
1780537625546 -0.0027324743568897247 31
1780537634230 0.0013999188086017966 32
1780537643045 0.0057183620519936085 33
1780537651719 0.002866794355213642 34
1780537660632 -0.001402918598614633 35
1780537669870 0.00033024136791937053 36
1780537678832 0.0013664589496329427 37
1780537688023 -0.0015255085891112685 38
1780537696958 -0.0043876199051737785 39
1780537706183 -0.0025815567933022976 40
1780537715037 -0.0020116339437663555 41
1780537724265 -0.004743718542158604 42
1780537733282 -0.0036329268477857113 43
1780537741902 -0.0037143281660974026 44
1780537750994 0.0015612149145454168 45
1780537759698 -0.00039263832150027156 46
1780537768798 -0.0024946171324700117 47
1780537777795 0.006777839735150337 48
1780537786753 0.003004984464496374 49
1780537795957 0.000459362257970497 50
1780537804610 0.0013582740211859345 51
1780537814188 -0.001936853863298893 52
1780537823371 0.0038381069898605347 53
1780537832349 0.0018987188814207911 54
1780537841491 -0.0031327055767178535 55
1780537850200 0.0027359039522707462 56
