1780537358518 0.054356660693883896 1
1780537367754 0.05375128611922264 2
1780537376366 0.052323974668979645 3
1780537384960 0.0467023141682148 4
1780537393888 0.046725209802389145 5
1780537402790 0.04565015435218811 6
1780537411554 0.04568605124950409 7
1780537420469 0.04615413025021553 8
1780537429207 0.04460996389389038 9
1780537438105 0.04426486790180206 10
1780537447052 0.044219255447387695 11
1780537455870 0.04361329972743988 12
1780537464885 0.043648649007081985 13
1780537473497 0.04380355030298233 14
1780537482447 0.0441141203045845 15
1780537491486 0.04331222176551819 16
1780537500221 0.04337986558675766 17
1780537509175 0.04329551011323929 18
1780537517796 0.04301038011908531 19
1780537526918 0.0429726280272007 20
1780537535901 0.043249789625406265 21
1780537544563 0.042579688131809235 22
1780537553589 0.04226353019475937 23
1780537562428 0.04219953343272209 24
1780537571451 0.04247516393661499 25
1780537580652 0.04130953177809715 26
1780537589538 0.041380561888217926 27
1780537598737 0.04166749492287636 28
1780537607302 0.04187668487429619 29
1780537616608 0.040777940303087234 30
1780537625546 0.04082699120044708 31
1780537634230 0.040731530636548996 32
1780537643045 0.041654277592897415 33
1780537651719 0.04196476563811302 34
1780537660632 0.04076264426112175 35
1780537669870 0.040480341762304306 36
1780537678832 0.04027571529150009 37
1780537688023 0.04027452692389488 38
1780537696958 0.040983494371175766 39
1780537706183 0.04038943722844124 40
1780537715037 0.03992436081171036 41
1780537724265 0.04107314348220825 42
1780537733282 0.040846988558769226 43
1780537741902 0.04012557491660118 44
1780537750994 0.04024209827184677 45
1780537759698 0.04010264575481415 46
1780537768798 0.03988690674304962 47
1780537777795 0.040101803839206696 48
1780537786753 0.04083291441202164 49
1780537795957 0.04019045829772949 50
1780537804610 0.03970274329185486 51
1780537814188 0.03952442482113838 52
1780537823371 0.039925556629896164 53
1780537832349 0.03953685611486435 54
1780537841491 0.0399051234126091 55
1780537850200 0.03989925608038902 56
