1780537358518 0.17655100212239522 1
1780537367754 0.16457725707880372 2
1780537376366 0.1596680305758983 3
1780537384960 0.13208366523759332 4
1780537393888 0.11984761360696813 5
1780537402790 0.10991065071594609 6
1780537411554 0.10627428644089365 7
1780537420469 0.10273901582865769 8
1780537429207 0.10075186347932374 9
1780537438105 0.09880526906150226 10
1780537447052 0.09728864262941211 11
1780537455870 0.09662456795645864 12
1780537464885 0.09592401760438901 13
1780537473497 0.09386613457232931 14
1780537482447 0.09282783952720954 15
1780537491486 0.0918116800480989 16
1780537500221 0.09102486141455744 17
1780537509175 0.09031090930794236 18
1780537517796 0.0891066668063378 19
1780537526918 0.08870698292501374 20
1780537535901 0.0882087234652788 21
1780537544563 0.08755927020873024 22
1780537553589 0.08681037693695262 23
1780537562428 0.08647281089442034 24
1780537571451 0.08562696645237584 25
1780537580652 0.08511032458549103 26
1780537589538 0.08474145722549006 27
1780537598737 0.08449711322263911 28
1780537607302 0.08455651720409273 29
1780537616608 0.08372799199676727 30
1780537625546 0.08321251427553515 31
1780537634230 0.0827034107015251 32
1780537643045 0.08252430798305814 33
1780537651719 0.08458930485186589 34
1780537660632 0.08233564754056795 35
1780537669870 0.08178809087248376 36
1780537678832 0.08065298935935615 37
1780537688023 0.08176590460500129 38
1780537696958 0.08132804118272349 39
1780537706183 0.08123007981419854 40
1780537715037 0.08051243061267875 41
1780537724265 0.08061191774632367 42
1780537733282 0.080453647877098 43
1780537741902 0.0807442520521914 44
1780537750994 0.0801091955764375 45
1780537759698 0.08030034197989176 46
1780537768798 0.08004710011359736 47
1780537777795 0.0793108752225832 48
1780537786753 0.08047140902021763 49
1780537795957 0.0795549991851556 50
1780537804610 0.07853219072258057 51
1780537814188 0.07880618077325298 52
1780537823371 0.07871185478570498 53
1780537832349 0.07872502923399137 54
1780537841491 0.07848690774906078 55
1780537850200 0.07835803008740458 56
