1780530478570 0.05396083742380142 1
1780530487596 0.05278359353542328 2
1780530496315 0.05210619419813156 3
1780530505090 0.04820254072546959 4
1780530513837 0.046544577926397324 5
1780530522653 0.04617442563176155 6
1780530531172 0.04635808989405632 7
1780530540039 0.04537716507911682 8
1780530548416 0.04520261660218239 9
1780530557019 0.04471379891037941 10
1780530565636 0.04482394829392433 11
1780530574019 0.044902216643095016 12
1780530582675 0.045371003448963165 13
1780530591477 0.04421159625053406 14
1780530600032 0.04439307376742363 15
1780530608816 0.04464730620384216 16
1780530617253 0.04364839196205139 17
1780530625878 0.04464302211999893 18
1780530634706 0.043390754610300064 19
1780530643316 0.04326130077242851 20
1780530652125 0.04270986095070839 21
1780530660689 0.04251657426357269 22
1780530669521 0.04220349341630936 23
1780530678410 0.042419012635946274 24
1780530686856 0.04380462318658829 25
1780530695687 0.04286744445562363 26
1780530704290 0.04239274933934212 27
1780530712900 0.04199511930346489 28
1780530721863 0.041950713843107224 29
1780530730428 0.04166761040687561 30
1780530739377 0.04175375774502754 31
1780530748177 0.04340274631977081 32
1780530757136 0.04216160997748375 33
1780530766063 0.04121461883187294 34
1780530775079 0.04134861379861832 35
1780530783884 0.04095322638750076 36
1780530792366 0.0430927611887455 37
1780530800980 0.04069002345204353 38
1780530809807 0.04111553356051445 39
1780530818320 0.04062488302588463 40
1780530827286 0.04097213223576546 41
1780530836003 0.04130221903324127 42
1780530844937 0.04053458943963051 43
1780530853896 0.04142218083143234 44
1780530862827 0.04028726741671562 45
1780530871940 0.04169704020023346 46
1780530880879 0.04038041830062866 47
1780530889805 0.04046843573451042 48
1780530898562 0.04080332815647125 49
1780530907885 0.040314335376024246 50
1780530916782 0.040636252611875534 51
1780530925553 0.040444087237119675 52
1780530934490 0.040800098329782486 53
1780530943151 0.04085402563214302 54
1780530952042 0.04068818688392639 55
1780530961041 0.04004685953259468 56
1780530969646 0.04018043354153633 57
1780530978588 0.0406985729932785 58
1780530987214 0.039815668016672134 59
1780530996174 0.04043109714984894 60
1780531005186 0.03954258933663368 61
1780531013856 0.03975215181708336 62
1780531022788 0.04101823642849922 63
1780531031410 0.04004655405879021 64
1780531040278 0.04066450148820877 65
1780531049304 0.041080888360738754 66
1780531058097 0.040560077875852585 67
1780531066943 0.039574187248945236 68
1780531075639 0.03963005542755127 69
1780531084450 0.03953349217772484 70
1780531093436 0.03964092582464218 71
1780531102118 0.03965269774198532 72
1780531111142 0.039354484528303146 73
1780531120149 0.03942902386188507 74
1780531128756 0.03971845284104347 75
1780531137547 0.039606865495443344 76
1780531146134 0.039498455822467804 77
1780531154765 0.03957968205213547 78
1780531163601 0.03879212960600853 79
1780531172149 0.03972334414720535 80
1780531181035 0.03955604135990143 81
1780531189863 0.040151968598365784 82
1780531198832 0.03915451467037201 83
1780531207961 0.04006583243608475 84
1780531216911 0.03888062760233879 85
1780531226120 0.03947913646697998 86
1780531235008 0.04021700844168663 87
1780531243899 0.03957834467291832 88
1780531252682 0.03919835016131401 89
1780531261651 0.0398092120885849 90
1780531270769 0.03859768062829971 91
1780531279500 0.03963060304522514 92
1780531288404 0.03992871567606926 93
