1780530478570 0.0023678236175328493 1
1780530487596 0.004274396225810051 2
1780530496315 -0.0025127180851995945 3
1780530505090 0.00032302812905982137 4
1780530513837 -0.0008865179843269289 5
1780530522653 -0.0014033667976036668 6
1780530531172 0.0012888803612440825 7
1780530540039 0.0024977773427963257 8
1780530548416 0.002496785018593073 9
1780530557019 0.002795230597257614 10
1780530565636 -0.0060188346542418 11
1780530574019 0.004126302897930145 12
1780530582675 0.004435907583683729 13
1780530591477 0.0016806036001071334 14
1780530600032 -0.0049571986310184 15
1780530608816 -0.006327074021100998 16
1780530617253 0.0016900751506909728 17
1780530625878 -0.0009541925974190235 18
1780530634706 0.0033956379629671574 19
1780530643316 0.0008791644941084087 20
1780530652125 -0.004452745895832777 21
1780530660689 0.002504104981198907 22
1780530669521 -0.00032057586940936744 23
1780530678410 -0.002673656214028597 24
1780530686856 0.007447175681591034 25
1780530695687 0.002597046783193946 26
1780530704290 -0.0018789535388350487 27
1780530712900 0.0005645281635224819 28
1780530721863 -0.0007630882901139557 29
1780530730428 0.002681417390704155 30
1780530739377 0.004921686835587025 31
1780530748177 0.0032813935540616512 32
1780530757136 0.008791426196694374 33
1780530766063 -0.00017830154683906585 34
1780530775079 0.0021891628857702017 35
1780530783884 -0.0031993906013667583 36
1780530792366 0.003763223998248577 37
1780530800980 0.002593462122604251 38
1780530809807 0.002246374497190118 39
1780530818320 0.000830979784950614 40
1780530827286 0.004991578869521618 41
1780530836003 0.0014509129105135798 42
1780530844937 0.0018370551988482475 43
1780530853896 1.0997950994351413e-05 44
1780530862827 -0.0005194969708099961 45
1780530871940 -0.0012682919623330235 46
1780530880879 -0.0003049215010832995 47
1780530889805 -0.0029561154078692198 48
1780530898562 0.0009723680559545755 49
1780530907885 0.0023985416628420353 50
1780530916782 -0.0005411456222645938 51
1780530925553 0.0018729032017290592 52
1780530934490 0.00528222369030118 53
1780530943151 -0.004910218995064497 54
1780530952042 -0.003163654590025544 55
1780530961041 0.001231721485964954 56
1780530969646 -0.00510499719530344 57
1780530978588 0.003656397806480527 58
1780530987214 -0.0021354174241423607 59
1780530996174 -0.0042548575438559055 60
1780531005186 -0.0009569943067617714 61
1780531013856 0.001057465560734272 62
1780531022788 0.000981349847279489 63
1780531031410 -0.002507176250219345 64
1780531040278 0.004209896549582481 65
1780531049304 0.004252019803971052 66
1780531058097 0.0066971369087696075 67
1780531066943 0.0018516173586249352 68
1780531075639 0.0015072645619511604 69
1780531084450 -0.0024753811303526163 70
1780531093436 -0.0030595434363931417 71
1780531102118 0.000619814672973007 72
1780531111142 -0.0011299699544906616 73
1780531120149 0.000673005124554038 74
1780531128756 0.0021573666017502546 75
1780531137547 0.003065552795305848 76
1780531146134 -0.0006344898138195276 77
1780531154765 0.0017501487163826823 78
1780531163601 0.0020748453680425882 79
1780531172149 0.0015197359025478363 80
1780531181035 -0.0040284134447574615 81
1780531189863 0.0011265333741903305 82
1780531198832 -0.006171027198433876 83
1780531207961 -0.005593347828835249 84
1780531216911 -0.0026805675588548183 85
1780531226120 8.625763439340517e-05 86
1780531235008 0.0020004180260002613 87
1780531243899 0.0031670425087213516 88
1780531252682 -0.0019612968899309635 89
1780531261651 0.0061499676667153835 90
1780531270769 0.004001588560640812 91
1780531279500 0.003218315541744232 92
1780531288404 0.00685057882219553 93
