1780530478570 0.035320945084095 1
1780530487596 0.03178850933909416 2
1780530496315 0.031546156853437424 3
1780530505090 0.027520108968019485 4
1780530513837 0.025792308151721954 5
1780530522653 0.02570355124771595 6
1780530531172 0.025754893198609352 7
1780530540039 0.024375267326831818 8
1780530548416 0.025057988241314888 9
1780530557019 0.024695325642824173 10
1780530565636 0.02480543963611126 11
1780530574019 0.024044960737228394 12
1780530582675 0.024545738473534584 13
1780530591477 0.023434285074472427 14
1780530600032 0.02381136827170849 15
1780530608816 0.02493196353316307 16
1780530617253 0.02311614528298378 17
1780530625878 0.02416841872036457 18
1780530634706 0.023032035678625107 19
1780530643316 0.023298686370253563 20
1780530652125 0.02301173470914364 21
1780530660689 0.022471413016319275 22
1780530669521 0.022369850426912308 23
1780530678410 0.02273706905543804 24
1780530686856 0.02378922328352928 25
1780530695687 0.022931143641471863 26
1780530704290 0.023067692294716835 27
1780530712900 0.022603053599596024 28
1780530721863 0.02242095395922661 29
1780530730428 0.02224794216454029 30
1780530739377 0.022777065634727478 31
1780530748177 0.023348543792963028 32
1780530757136 0.02312399260699749 33
1780530766063 0.022004082798957825 34
1780530775079 0.022082272917032242 35
1780530783884 0.021976375952363014 36
1780530792366 0.02380872145295143 37
1780530800980 0.021594461053609848 38
1780530809807 0.022233393043279648 39
1780530818320 0.021534422412514687 40
1780530827286 0.022161316126585007 41
1780530836003 0.02175251394510269 42
1780530844937 0.021598517894744873 43
1780530853896 0.021900035440921783 44
1780530862827 0.021348442882299423 45
1780530871940 0.021816479042172432 46
1780530880879 0.02163955755531788 47
1780530889805 0.02155468426644802 48
1780530898562 0.02172529324889183 49
1780530907885 0.02149907499551773 50
1780530916782 0.021937957033514977 51
1780530925553 0.02134079858660698 52
1780530934490 0.022101759910583496 53
1780530943151 0.02205885574221611 54
1780530952042 0.02146597020328045 55
1780530961041 0.02187434583902359 56
1780530969646 0.021778035908937454 57
1780530978588 0.021563656628131866 58
1780530987214 0.021453673020005226 59
1780530996174 0.021849360316991806 60
1780531005186 0.021235737949609756 61
1780531013856 0.02132905274629593 62
1780531022788 0.022353744134306908 63
1780531031410 0.021080465987324715 64
1780531040278 0.021328091621398926 65
1780531049304 0.021530060097575188 66
1780531058097 0.021765543147921562 67
1780531066943 0.021269239485263824 68
1780531075639 0.021321747452020645 69
1780531084450 0.02114001289010048 70
1780531093436 0.021330101415514946 71
1780531102118 0.0212351456284523 72
1780531111142 0.020939745008945465 73
1780531120149 0.020744875073432922 74
1780531128756 0.02118966542184353 75
1780531137547 0.02116033434867859 76
1780531146134 0.02095821686089039 77
1780531154765 0.02097642607986927 78
1780531163601 0.02131836861371994 79
1780531172149 0.021091008558869362 80
1780531181035 0.021207978948950768 81
1780531189863 0.021463174372911453 82
1780531198832 0.021779470145702362 83
1780531207961 0.02192583680152893 84
1780531216911 0.021208807826042175 85
1780531226120 0.02167186141014099 86
1780531235008 0.02153741382062435 87
1780531243899 0.020924557000398636 88
1780531252682 0.021001849323511124 89
1780531261651 0.02164461277425289 90
1780531270769 0.020923472940921783 91
1780531279500 0.021010572090744972 92
1780531288404 0.021855682134628296 93
