1780530478570 0.18117688308756685 1
1780530487596 0.16912562236686143 2
1780530496315 0.16062341295152444 3
1780530505090 0.14631167874284917 4
1780530513837 0.12225199598216797 5
1780530522653 0.11428148762468977 6
1780530531172 0.11073487904452387 7
1780530540039 0.10756242113334681 8
1780530548416 0.10800241625388883 9
1780530557019 0.10485470108233944 10
1780530565636 0.1025123126732199 11
1780530574019 0.10160621560075049 12
1780530582675 0.10000649951307586 13
1780530591477 0.09874883456614132 14
1780530600032 0.09790186807634287 15
1780530608816 0.0971783294541433 16
1780530617253 0.0960806457887182 17
1780530625878 0.09570369066611525 18
1780530634706 0.09449024597723052 19
1780530643316 0.09404940416568862 20
1780530652125 0.0929308969082627 21
1780530660689 0.09205181410068618 22
1780530669521 0.091771885203417 23
1780530678410 0.09197570841114856 24
1780530686856 0.09057844415379675 25
1780530695687 0.0904701295619714 26
1780530704290 0.08930888194303314 27
1780530712900 0.08941263321160689 28
1780530721863 0.08920149715461448 29
1780530730428 0.08839244776194315 30
1780530739377 0.08777729134362079 31
1780530748177 0.0876427235083305 32
1780530757136 0.08728339196244068 33
1780530766063 0.0875623923681743 34
1780530775079 0.08660690493391453 35
1780530783884 0.08609298361233829 36
1780530792366 0.08589638617709824 37
1780530800980 0.08571844423306269 38
1780530809807 0.08555708313549949 39
1780530818320 0.08497678457928033 40
1780530827286 0.08503741058607976 41
1780530836003 0.0847505093843447 42
1780530844937 0.08425545592275603 43
1780530853896 0.0837460295285857 44
1780530862827 0.0835886741197758 45
1780530871940 0.08445671209528328 46
1780530880879 0.08841412214246056 47
1780530889805 0.08364545650762044 48
1780530898562 0.0832435398186299 49
1780530907885 0.08301189139630619 50
1780530916782 0.08285543769537483 51
1780530925553 0.08399345493360229 52
1780530934490 0.08215820044581722 53
1780530943151 0.08207882936532472 54
1780530952042 0.08233302762954338 55
1780530961041 0.0821794447656282 56
1780530969646 0.08158591250449443 57
1780530978588 0.08170788555695796 58
1780530987214 0.08093421587873338 59
1780530996174 0.08083787906966396 60
1780531005186 0.08133194244078608 61
1780531013856 0.0809469362077773 62
1780531022788 0.0809447924560352 63
1780531031410 0.08120040732619725 64
1780531040278 0.08107873000307456 65
1780531049304 0.08120113926251955 66
1780531058097 0.08061647552552018 67
1780531066943 0.08027479359100835 68
1780531075639 0.08005759269483297 69
1780531084450 0.08025798690297273 70
1780531093436 0.07987225934209424 71
1780531102118 0.08008424655831654 72
1780531111142 0.07997642044102052 73
1780531120149 0.07999232319387162 74
1780531128756 0.07933972180979122 75
1780531137547 0.07956493155657035 76
1780531146134 0.08008869454131487 77
1780531154765 0.07962166364240414 78
1780531163601 0.0803762580457981 79
1780531172149 0.07913491995831169 80
1780531181035 0.0793767096149447 81
1780531189863 0.07862999388277772 82
1780531198832 0.07956665024088709 83
1780531207961 0.07852905129243648 84
1780531216911 0.07910229710243176 85
1780531226120 0.07900545412900001 86
1780531235008 0.07913563152356036 87
1780531243899 0.07803277932803482 88
1780531252682 0.07855978070672792 89
1780531261651 0.07790951143910883 90
1780531270769 0.07804734943166775 91
1780531279500 0.0788371691572579 92
1780531288404 0.07816548786064796 93
