1780528672173 0.31982654531474236 1
1780528677176 0.29576076434126924 2
1780528681860 0.29410069220542134 3
1780528686688 0.29302395906831535 4
1780528691276 0.2928684375599607 5
1780528696016 0.2904769578440623 6
1780528700555 0.2897015604879949 7
1780528705160 0.2905262599324251 8
1780528709821 0.2885035075392429 9
1780528714368 0.28807141307693024 10
1780528719002 0.2877187258140607 11
1780528723608 0.28729572870417847 12
1780528728229 0.28665499277896694 13
1780528732867 0.2850923632549775 14
1780528737504 0.28462813584158175 15
1780528742179 0.28188712326446913 16
1780528746819 0.27833883399022863 17
1780528751341 0.2757883534657878 18
1780528755933 0.2733658511046465 19
1780528760565 0.27111666264955875 20
1780528765251 0.26583435780719505 21
1780528769911 0.2564664985742662 22
1780528774542 0.24963486937249635 23
1780528779103 0.24323716974974452 24
1780528783701 0.23834460443974315 25
1780528788270 0.233550878217468 26
1780528792814 0.2283262326442576 27
1780528797416 0.22323628309388438 28
1780528802010 0.22107250857856367 29
1780528806605 0.2189043154819058 30
1780528811374 0.21681470774694697 31
1780528816170 0.21437117457389832 32
1780528820878 0.21100639186606004 33
1780528825475 0.2102206295186823 34
1780528830084 0.2094444777671393 35
1780528834757 0.20681772485085123 36
1780528839493 0.20486723503412366 37
1780528844447 0.2048210467804562 38
1780528849252 0.20258381382211463 39
1780528853940 0.20139978538182648 40
1780528858716 0.2005657445784513 41
1780528863470 0.19970439638120013 42
1780528868051 0.20021695355800065 43
1780528872726 0.19877945638999536 44
1780528877494 0.19868103107558444 45
1780528882120 0.1982289000426407 46
1780528886795 0.1976702863036038 47
1780528891466 0.19679860136919208 48
1780528896183 0.19674996262440433 49
1780528900885 0.1955116135491566 50
1780528905611 0.19515808066957957 51
1780528910330 0.19530061426778117 52
1780528915205 0.19492320094693016 53
1780528919969 0.19431333955038677 54
1780528924837 0.1936781814733109 55
1780528929725 0.19312377315159743 56
1780528934529 0.19308045707255989 57
1780528939419 0.1926355054722978 58
1780528944255 0.1923693052505131 59
1780528949095 0.19109783512721587 60
1780528953804 0.19094230060453538 61
1780528958678 0.1912364631939631 62
1780528963509 0.19093059267026263 63
1780528968269 0.1902559907961782 64
1780528973038 0.19065364979981603 65
1780528977799 0.19045797608454118 66
1780528982579 0.18932751754855182 67
1780528987395 0.1890468421307477 68
1780528992116 0.18863123339637147 69
1780528996871 0.1880754766768062 70
1780529001606 0.18836637694001584 71
1780529006341 0.18787785070379834 72
1780529011113 0.18790928424372302 73
1780529015940 0.1876834166756311 74
1780529020793 0.18746495133193283 75
1780529026323 0.18700669963493363 76
1780529031495 0.18709125021448383 77
1780529036785 0.1859521341643163 78
1780529041997 0.18606453742106238 79
1780529047345 0.1854830901924666 80
1780529052485 0.18531117836231148 81
1780529057571 0.18483902073719286 82
1780529062602 0.18450627918657544 83
1780529067719 0.18455317946658892 84
1780529072727 0.18387578968442492 85
1780529077841 0.18361967629087822 86
1780529082786 0.1833822661768887 87
1780529088267 0.18327283469790762 88
1780529093349 0.18298322413503737 89
1780529098234 0.1826344122989224 90
1780529103793 0.18296478410529626 91
1780529109044 0.18251426392174386 92
1780529113991 0.18194848930390625 93
1780529118912 0.1822229552917279 94
1780529123890 0.1811139668737139 95
1780529128910 0.18154740290014776 96
1780529134522 0.18154496139568554 97
1780529139671 0.18065942791230105 98
1780529145245 0.18063375671914259 99
1780529150244 0.1804246569487762 100
