1780528672173 0.03241386264562607 1
1780528677176 0.03248273953795433 2
1780528681860 0.03217316046357155 3
1780528686688 0.03212001547217369 4
1780528691276 0.03256367892026901 5
1780528696016 0.03195575997233391 6
1780528700555 0.03244447708129883 7
1780528705160 0.032102663069963455 8
1780528709821 0.032018594443798065 9
1780528714368 0.031784698367118835 10
1780528719002 0.03182345628738403 11
1780528723608 0.031730037182569504 12
1780528728229 0.03164360672235489 13
1780528732867 0.031627409160137177 14
1780528737504 0.031432412564754486 15
1780528742179 0.031546853482723236 16
1780528746819 0.030876969918608665 17
1780528751341 0.03141211345791817 18
1780528755933 0.030990803614258766 19
1780528760565 0.03065107949078083 20
1780528765251 0.029519235715270042 21
1780528769911 0.029061775654554367 22
1780528774542 0.02871081233024597 23
1780528779103 0.02772902511060238 24
1780528783701 0.02714640274643898 25
1780528788270 0.026580769568681717 26
1780528792814 0.025859538465738297 27
1780528797416 0.02588241547346115 28
1780528802010 0.0257249865680933 29
1780528806605 0.02588735893368721 30
1780528811374 0.02527797408401966 31
1780528816170 0.025042695924639702 32
1780528820878 0.024881094694137573 33
1780528825475 0.02467634715139866 34
1780528830084 0.02441176399588585 35
1780528834757 0.024661749601364136 36
1780528839493 0.025295432657003403 37
1780528844447 0.023937800899147987 38
1780528849252 0.02405272237956524 39
1780528853940 0.023821916431188583 40
1780528858716 0.024025384336709976 41
1780528863470 0.023750631138682365 42
1780528868051 0.023513250052928925 43
1780528872726 0.023731857538223267 44
1780528877494 0.02414012886583805 45
1780528882120 0.023580726236104965 46
1780528886795 0.02405618131160736 47
1780528891466 0.02367101050913334 48
1780528896183 0.023710738867521286 49
1780528900885 0.02342480793595314 50
1780528905611 0.023388011381030083 51
1780528910330 0.02407771348953247 52
1780528915205 0.023524021729826927 53
1780528919969 0.0233776792883873 54
1780528924837 0.023542115464806557 55
1780528929725 0.023137666285037994 56
1780528934529 0.023256605491042137 57
1780528939419 0.023150580003857613 58
1780528944255 0.023304937407374382 59
1780528949095 0.023254001513123512 60
1780528953804 0.02307826653122902 61
1780528958678 0.022803548723459244 62
1780528963509 0.022851446643471718 63
1780528968269 0.022819682955741882 64
1780528973038 0.022814951837062836 65
1780528977799 0.022676216438412666 66
1780528982579 0.02271083928644657 67
1780528987395 0.022832144051790237 68
1780528992116 0.022728685289621353 69
1780528996871 0.022811371833086014 70
1780529001606 0.022683581337332726 71
1780529006341 0.02289472706615925 72
1780529011113 0.022755742073059082 73
1780529015940 0.022720372304320335 74
1780529020793 0.022694075480103493 75
1780529026323 0.022756725549697876 76
1780529031495 0.022595787420868874 77
1780529036785 0.022544661536812782 78
1780529041997 0.022631369531154633 79
1780529047345 0.02240697853267193 80
1780529052485 0.02235686033964157 81
1780529057571 0.022304007783532143 82
1780529062602 0.022544922307133675 83
1780529067719 0.02229362539947033 84
1780529072727 0.02217886783182621 85
1780529077841 0.022117197513580322 86
1780529082786 0.022065361961722374 87
1780529088267 0.022058682516217232 88
1780529093349 0.021945849061012268 89
1780529098234 0.021942030638456345 90
1780529103793 0.022372866049408913 91
1780529109044 0.022214330732822418 92
1780529113991 0.022097062319517136 93
1780529118912 0.022076599299907684 94
1780529123890 0.021900558844208717 95
1780529128910 0.02180696837604046 96
1780529134522 0.02177347056567669 97
1780529139671 0.02185504510998726 98
1780529145245 0.022116756066679955 99
1780529150244 0.021913930773735046 100
