1780528672173 -0.0025943785440176725 1
1780528677176 -0.0007271364447660744 2
1780528681860 0.002152306493371725 3
1780528686688 0.0010745225008577108 4
1780528691276 0.00014418057980947196 5
1780528696016 -0.0005180710577405989 6
1780528700555 0.0013940739445388317 7
1780528705160 0.0002729223051574081 8
1780528709821 0.001451313029974699 9
1780528714368 -0.0012337085790932178 10
1780528719002 -0.003588562598451972 11
1780528723608 -0.00040221973904408514 12
1780528728229 0.0008704402134753764 13
1780528732867 -0.0012516231508925557 14
1780528737504 0.0014733121497556567 15
1780528742179 0.002189026912674308 16
1780528746819 1.0877007525778026e-06 17
1780528751341 0.001783224055543542 18
1780528755933 -0.0023818034678697586 19
1780528760565 0.002483895281329751 20
1780528765251 -0.00013402356125880033 21
1780528769911 0.0023797317408025265 22
1780528774542 0.00335311028175056 23
1780528779103 -0.00032670461223460734 24
1780528783701 0.003283287165686488 25
1780528788270 0.002231502439826727 26
1780528792814 0.0006972217233851552 27
1780528797416 -0.0011505918810144067 28
1780528802010 -0.00011601893493207172 29
1780528806605 0.0011670696549117565 30
1780528811374 -0.00034637562930583954 31
1780528816170 -0.002377921948209405 32
1780528820878 0.002560809487476945 33
1780528825475 0.002472748514264822 34
1780528830084 0.0007851296104490757 35
1780528834757 0.0006191731081344187 36
1780528839493 0.0005007719737477601 37
1780528844447 0.000848342024255544 38
1780528849252 -0.0017970955232158303 39
1780528853940 -0.0021711555309593678 40
1780528858716 -0.000848540395963937 41
1780528863470 -0.0019438457675278187 42
1780528868051 0.00026613415684551 43
1780528872726 -0.0025338672567158937 44
1780528877494 -0.004302757792174816 45
1780528882120 -0.00024914101231843233 46
1780528886795 0.0002332332805963233 47
1780528891466 0.0015372883062809706 48
1780528896183 0.004298738669604063 49
1780528900885 0.0008015297935344279 50
1780528905611 0.0009296133066527545 51
1780528910330 -0.006142585538327694 52
1780528915205 0.000700170814525336 53
1780528919969 0.003667554585263133 54
1780528924837 -0.002338909078389406 55
1780528929725 0.001213416107930243 56
1780528934529 0.002107445150613785 57
1780528939419 0.0005563522572629154 58
1780528944255 0.001094925100915134 59
1780528949095 0.0039572641253471375 60
1780528953804 -0.002347540808841586 61
1780528958678 0.002766682067885995 62
1780528963509 -0.0018409242620691657 63
1780528968269 0.0007089073187671602 64
1780528973038 0.0004301017033867538 65
1780528977799 5.401875023380853e-05 66
1780528982579 0.0012315190397202969 67
1780528987395 0.0028961189091205597 68
1780528992116 0.0005065302830189466 69
1780528996871 -0.00041799352038651705 70
1780529001606 6.566323281731457e-05 71
1780529006341 0.004529939498752356 72
1780529011113 0.005086617078632116 73
1780529015940 -0.002328946953639388 74
1780529020793 0.002408553147688508 75
1780529026323 0.005090539809316397 76
1780529031495 0.004203578922897577 77
1780529036785 -0.0026807915419340134 78
1780529041997 -0.00024031377688515931 79
1780529047345 -0.0010575322667136788 80
1780529052485 0.0002529266639612615 81
1780529057571 0.001407288364134729 82
1780529062602 -0.0020665195770561695 83
1780529067719 0.0021112700924277306 84
1780529072727 0.0036053659860044718 85
1780529077841 0.0005037114024162292 86
1780529082786 -0.0007489530835300684 87
1780529088267 0.0007528822752647102 88
1780529093349 -0.0013205157592892647 89
1780529098234 0.0003099328314419836 90
1780529103793 0.0005108561017550528 91
1780529109044 -0.0008876780048012733 92
1780529113991 0.002010638825595379 93
1780529118912 -0.001240688725374639 94
1780529123890 0.0011705303331837058 95
1780529128910 0.001108389114961028 96
1780529134522 -1.8413464204058982e-05 97
1780529139671 0.00042668546666391194 98
1780529145245 0.004090636037290096 99
1780529150244 -0.0021903193555772305 100
