1780528672173 0.05316575989127159 1
1780528677176 0.05347248539328575 2
1780528681860 0.052966780960559845 3
1780528686688 0.05267571285367012 4
1780528691276 0.052734971046447754 5
1780528696016 0.05257735028862953 6
1780528700555 0.0523855946958065 7
1780528705160 0.05246269702911377 8
1780528709821 0.05230223760008812 9
1780528714368 0.05228203535079956 10
1780528719002 0.05237313732504845 11
1780528723608 0.0522124283015728 12
1780528728229 0.052120570093393326 13
1780528732867 0.05219564959406853 14
1780528737504 0.05204908922314644 15
1780528742179 0.05217406898736954 16
1780528746819 0.051306333392858505 17
1780528751341 0.051225803792476654 18
1780528755933 0.05111248791217804 19
1780528760565 0.050510160624980927 20
1780528765251 0.04996761307120323 21
1780528769911 0.04955948516726494 22
1780528774542 0.04968145862221718 23
1780528779103 0.048498768359422684 24
1780528783701 0.04812160134315491 25
1780528788270 0.04745455086231232 26
1780528792814 0.0468783900141716 27
1780528797416 0.046785298734903336 28
1780528802010 0.04642800986766815 29
1780528806605 0.04622536525130272 30
1780528811374 0.04632138833403587 31
1780528816170 0.04588250443339348 32
1780528820878 0.04596257209777832 33
1780528825475 0.04567559063434601 34
1780528830084 0.045319534838199615 35
1780528834757 0.045211777091026306 36
1780528839493 0.045633211731910706 37
1780528844447 0.04490318149328232 38
1780528849252 0.04495929554104805 39
1780528853940 0.04486057907342911 40
1780528858716 0.04496358707547188 41
1780528863470 0.044671252369880676 42
1780528868051 0.044608086347579956 43
1780528872726 0.04467687010765076 44
1780528877494 0.04489316791296005 45
1780528882120 0.044542115181684494 46
1780528886795 0.04481521248817444 47
1780528891466 0.04454445466399193 48
1780528896183 0.04497062414884567 49
1780528900885 0.04467543587088585 50
1780528905611 0.044427502900362015 51
1780528910330 0.04472803324460983 52
1780528915205 0.044397544115781784 53
1780528919969 0.04425135627388954 54
1780528924837 0.04431372508406639 55
1780528929725 0.04421036317944527 56
1780528934529 0.0442497693002224 57
1780528939419 0.04410405457019806 58
1780528944255 0.044341664761304855 59
1780528949095 0.0444159097969532 60
1780528953804 0.04396246001124382 61
1780528958678 0.04395616054534912 62
1780528963509 0.0438908152282238 63
1780528968269 0.04391556978225708 64
1780528973038 0.04381867125630379 65
1780528977799 0.04377530887722969 66
1780528982579 0.04364537447690964 67
1780528987395 0.04392948001623154 68
1780528992116 0.04388553649187088 69
1780528996871 0.04361455887556076 70
1780529001606 0.0437401607632637 71
1780529006341 0.04385121539235115 72
1780529011113 0.04388417676091194 73
1780529015940 0.04346450790762901 74
1780529020793 0.04384734481573105 75
1780529026323 0.04392677918076515 76
1780529031495 0.043672800064086914 77
1780529036785 0.04342516139149666 78
1780529041997 0.04354020208120346 79
1780529047345 0.043348077684640884 80
1780529052485 0.04340825229883194 81
1780529057571 0.04334048554301262 82
1780529062602 0.04326174780726433 83
1780529067719 0.04319237545132637 84
1780529072727 0.04330054670572281 85
1780529077841 0.04307536780834198 86
1780529082786 0.0430498905479908 87
1780529088267 0.04314931109547615 88
1780529093349 0.042967043817043304 89
1780529098234 0.04292653873562813 90
1780529103793 0.04344530031085014 91
1780529109044 0.04313340410590172 92
1780529113991 0.04320483282208443 93
1780529118912 0.0430016815662384 94
1780529123890 0.04283207282423973 95
1780529128910 0.04284287989139557 96
1780529134522 0.04265731945633888 97
1780529139671 0.042844999581575394 98
1780529145245 0.043285440653562546 99
1780529150244 0.042805057018995285 100
