1780531298907 0.03256337344646454 1
1780531308096 0.032391563057899475 2
1780531316901 0.026952920481562614 3
1780531325760 0.025944909080863 4
1780531334871 0.025589512661099434 5
1780531343729 0.0246658343821764 6
1780531352609 0.024479439482092857 7
1780531361673 0.026382213458418846 8
1780531370407 0.024115286767482758 9
1780531379621 0.024949930608272552 10
1780531388610 0.024569930508732796 11
1780531397315 0.023447299376130104 12
1780531406298 0.023834187537431717 13
1780531414922 0.023494809865951538 14
1780531423908 0.02275332622230053 15
1780531433068 0.02387475036084652 16
1780531441987 0.023224348202347755 17
1780531451098 0.023079419508576393 18
1780531459958 0.022952428087592125 19
1780531469185 0.02212209440767765 20
1780531478380 0.022215718403458595 21
1780531487098 0.022736752405762672 22
1780531495998 0.02238493785262108 23
1780531504640 0.022443119436502457 24
1780531513588 0.022481245920062065 25
1780531522452 0.022019632160663605 26
1780531531054 0.021844377741217613 27
1780531539872 0.022148162126541138 28
1780531548704 0.02188267558813095 29
1780531557516 0.021902523934841156 30
1780531566410 0.021747896447777748 31
1780531575166 0.02182653732597828 32
1780531584029 0.022039076313376427 33
1780531592875 0.02170567214488983 34
1780531601781 0.022740062326192856 35
1780531610581 0.02178657054901123 36
1780531619169 0.021703513339161873 37
1780531628021 0.021541597321629524 38
1780531636511 0.022075966000556946 39
1780531645365 0.02135937288403511 40
1780531654134 0.021770216524600983 41
1780531662779 0.021544132381677628 42
1780531671669 0.021811597049236298 43
1780531680419 0.02137957699596882 44
1780531689213 0.021437687799334526 45
1780531698028 0.02120017819106579 46
1780531706612 0.02186327427625656 47
1780531715509 0.021569255739450455 48
1780531724055 0.021571986377239227 49
1780531732654 0.021884893998503685 50
1780531741633 0.022193647921085358 51
1780531750283 0.022412562742829323 52
1780531759279 0.021495439112186432 53
1780531768087 0.02142195589840412 54
1780531777005 0.02113356627523899 55
1780531785898 0.021252483129501343 56
1780531794538 0.022050336003303528 57
1780531803420 0.020942332223057747 58
1780531812283 0.022091060876846313 59
1780531821654 0.02161036990582943 60
1780531830631 0.02155565470457077 61
1780531839378 0.022325986996293068 62
1780531848105 0.021579371765255928 63
1780531856738 0.021597884595394135 64
1780531865503 0.02153441309928894 65
1780531874397 0.021059542894363403 66
1780531882964 0.021222669631242752 67
1780531891701 0.021261336281895638 68
1780531900496 0.021218316629529 69
1780531909303 0.021983912214636803 70
1780531918334 0.021090228110551834 71
1780531927026 0.021207604557275772 72
1780531936065 0.021014561876654625 73
1780531944922 0.021182231605052948 74
1780531953814 0.020938122645020485 75
1780531962657 0.021801402792334557 76
1780531971198 0.02160562202334404 77
1780531980056 0.020817158743739128 78
1780531988534 0.021297769621014595 79
1780531997442 0.020765453577041626 80
1780532006316 0.020864779129624367 81
1780532014970 0.020922865718603134 82
1780532023878 0.020951956510543823 83
1780532032771 0.02091558277606964 84
1780532041737 0.021380115300416946 85
1780532050766 0.021469490602612495 86
1780532060216 0.021222516894340515 87
1780532071449 0.021101796999573708 88
1780532082826 0.020966675132513046 89
1780532092752 0.021273192018270493 90
1780532102950 0.02075883559882641 91
1780532111988 0.02102523297071457 92
1780532120891 0.02152443118393421 93
1780532129878 0.02061891369521618 94
1780532138475 0.021208392456173897 95
1780532147782 0.021242599934339523 96
1780532156786 0.020899038761854172 97
1780532165376 0.020647399127483368 98
1780532174390 0.020914515480399132 99
1780532183518 0.02182845212519169 100
