1780531298907 0.181608226710127 1
1780531308096 0.16878608938013026 2
1780531316901 0.14053115731061327 3
1780531325760 0.11962290283725283 4
1780531334871 0.11288402218955693 5
1780531343729 0.10861675288440444 6
1780531352609 0.10637824437683138 7
1780531361673 0.10437756497185953 8
1780531370407 0.10268361871618745 9
1780531379621 0.10044648197186758 10
1780531388610 0.10001414660803193 11
1780531397315 0.09830116350460982 12
1780531406298 0.09811229242434064 13
1780531414922 0.09684371138725409 14
1780531423908 0.09574841728523241 15
1780531433068 0.09485618682967077 16
1780531441987 0.0942007152259253 17
1780531451098 0.09368620339590393 18
1780531459958 0.09295890968108352 19
1780531469185 0.09126720451284578 20
1780531478380 0.08985025188443042 21
1780531487098 0.08909117352674396 22
1780531495998 0.08886821077157578 23
1780531504640 0.08835419061632296 24
1780531513588 0.08819358383103369 25
1780531522452 0.08774486180186078 26
1780531531054 0.08701471784655201 27
1780531539872 0.08749217016487756 28
1780531548704 0.08652636306216618 29
1780531557516 0.08636426469908799 30
1780531566410 0.08512571150517192 31
1780531575166 0.08549841203455223 32
1780531584029 0.08485018992743582 33
1780531592875 0.0852923775008546 34
1780531601781 0.08524300692153597 35
1780531610581 0.08459533205986701 36
1780531619169 0.0841344323290692 37
1780531628021 0.08385320076799122 38
1780531636511 0.08372941698839663 39
1780531645365 0.08366332719727418 40
1780531654134 0.08379853035646372 41
1780531662779 0.08304876021005873 42
1780531671669 0.08322664878651148 43
1780531680419 0.08336781597810485 44
1780531689213 0.08304531597188099 45
1780531698028 0.08232963515807225 46
1780531706612 0.08299867295267425 47
1780531715509 0.08336836408602814 48
1780531724055 0.0830517033346536 49
1780531732654 0.08191621915462248 50
1780531741633 0.08227516443844639 51
1780531750283 0.08294967945081058 52
1780531759279 0.08175659973770501 53
1780531768087 0.08166569335784106 54
1780531777005 0.0819755152751526 55
1780531785898 0.08093277608580846 56
1780531794538 0.08141883176991263 57
1780531803420 0.08108066305651304 58
1780531812283 0.0812267887396216 59
1780531821654 0.0812790161535858 60
1780531830631 0.08096088247810991 61
1780531839378 0.08279337681630199 62
1780531848105 0.08125691813402404 63
1780531856738 0.08072755076626663 64
1780531865503 0.08007911362123141 65
1780531874397 0.08091040880734798 66
1780531882964 0.08047991328298514 67
1780531891701 0.08013486150413097 68
1780531900496 0.08056928904970713 69
1780531909303 0.08066789183696046 70
1780531918334 0.08274551938877273 71
1780531927026 0.08023444370682117 72
1780531936065 0.07975664420717621 73
1780531944922 0.07943830770764963 74
1780531953814 0.07940797381871702 75
1780531962657 0.07975010069391283 76
1780531971198 0.07993742652316098 77
1780531980056 0.0798786374082854 78
1780531988534 0.08036839781339628 79
1780531997442 0.07996527237816133 80
1780532006316 0.07952120596320526 81
1780532014970 0.07911238730692166 82
1780532023878 0.07921549321056187 83
1780532032771 0.0787380197298033 84
1780532041737 0.0788194078295382 85
1780532050766 0.07847586524718957 86
1780532060216 0.07906719749894789 87
1780532071449 0.07806045321746148 88
1780532082826 0.07867329045645984 89
1780532092752 0.07836844183498529 90
1780532102950 0.07820399942906962 91
1780532111988 0.08062208804304187 92
1780532120891 0.07758910090312253 93
1780532129878 0.07803098031846999 94
1780532138475 0.07792945587773037 95
1780532147782 0.0790096174026775 96
1780532156786 0.07793175512478422 97
1780532165376 0.07821369944344586 98
1780532174390 0.07836069476243734 99
1780532183518 0.0784492942646061 100
