1780531298907 0.05324433743953705 1
1780531308096 0.05237074941396713 2
1780531316901 0.04754624888300896 3
1780531325760 0.046475835144519806 4
1780531334871 0.04645780101418495 5
1780531343729 0.0451350063085556 6
1780531352609 0.04520108550786972 7
1780531361673 0.046132300049066544 8
1780531370407 0.044519826769828796 9
1780531379621 0.0453314408659935 10
1780531388610 0.04500540345907211 11
1780531397315 0.04390234500169754 12
1780531406298 0.04444988816976547 13
1780531414922 0.0440295934677124 14
1780531423908 0.04337044060230255 15
1780531433068 0.04428554326295853 16
1780531441987 0.04379798099398613 17
1780531451098 0.043607570230960846 18
1780531459958 0.04260599613189697 19
1780531469185 0.041869133710861206 20
1780531478380 0.041788745671510696 21
1780531487098 0.04184185713529587 22
1780531495998 0.04166782647371292 23
1780531504640 0.04220566526055336 24
1780531513588 0.041334234178066254 25
1780531522452 0.04143207147717476 26
1780531531054 0.04083674028515816 27
1780531539872 0.04127547889947891 28
1780531548704 0.041147299110889435 29
1780531557516 0.041295044124126434 30
1780531566410 0.040790386497974396 31
1780531575166 0.04103916883468628 32
1780531584029 0.040788087993860245 33
1780531592875 0.04091297835111618 34
1780531601781 0.041538581252098083 35
1780531610581 0.040533434599637985 36
1780531619169 0.04092206805944443 37
1780531628021 0.04056839272379875 38
1780531636511 0.04083094000816345 39
1780531645365 0.04038669914007187 40
1780531654134 0.040433499962091446 41
1780531662779 0.04073207452893257 42
1780531671669 0.04048686474561691 43
1780531680419 0.04053525626659393 44
1780531689213 0.040167905390262604 45
1780531698028 0.04038957506418228 46
1780531706612 0.040770094841718674 47
1780531715509 0.04096072539687157 48
1780531724055 0.040660466998815536 49
1780531732654 0.04088379442691803 50
1780531741633 0.041853535920381546 51
1780531750283 0.04101686552166939 52
1780531759279 0.040276508778333664 53
1780531768087 0.040486354380846024 54
1780531777005 0.039866093546152115 55
1780531785898 0.03981863334774971 56
1780531794538 0.041011273860931396 57
1780531803420 0.040390193462371826 58
1780531812283 0.04038088396191597 59
1780531821654 0.04028991982340813 60
1780531830631 0.04039150848984718 61
1780531839378 0.0411025807261467 62
1780531848105 0.04009176790714264 63
1780531856738 0.039966460317373276 64
1780531865503 0.03994617983698845 65
1780531874397 0.039390068501234055 66
1780531882964 0.039739370346069336 67
1780531891701 0.03986816853284836 68
1780531900496 0.0395008809864521 69
1780531909303 0.03990395739674568 70
1780531918334 0.039489325135946274 71
1780531927026 0.04051285609602928 72
1780531936065 0.039414890110492706 73
1780531944922 0.03994317725300789 74
1780531953814 0.039939071983098984 75
1780531962657 0.03998906537890434 76
1780531971198 0.03981093317270279 77
1780531980056 0.03897615894675255 78
1780531988534 0.04005233198404312 79
1780531997442 0.03889179974794388 80
1780532006316 0.03861367702484131 81
1780532014970 0.038798604160547256 82
1780532023878 0.038632314652204514 83
1780532032771 0.03897855803370476 84
1780532041737 0.039277754724025726 85
1780532050766 0.03894608095288277 86
1780532060216 0.03926689177751541 87
1780532071449 0.038532041013240814 88
1780532082826 0.03897680714726448 89
1780532092752 0.03921307995915413 90
1780532102950 0.03850932791829109 91
1780532111988 0.039135854691267014 92
1780532120891 0.03904592618346214 93
1780532129878 0.03857312723994255 94
1780532138475 0.039532970637083054 95
1780532147782 0.03899507224559784 96
1780532156786 0.03897588700056076 97
1780532165376 0.03864512965083122 98
1780532174390 0.0383889265358448 99
1780532183518 0.04020478576421738 100
