1780531298907 0.0008383028325624764 1
1780531308096 0.007112239953130484 2
1780531316901 -0.0005535507225431502 3
1780531325760 -0.0005798133788630366 4
1780531334871 0.003262679325416684 5
1780531343729 0.0003522163024172187 6
1780531352609 0.0030508406925946474 7
1780531361673 -0.007055388297885656 8
1780531370407 -0.001989547861739993 9
1780531379621 -0.0013756315456703305 10
1780531388610 0.006884769070893526 11
1780531397315 -0.0016700710402801633 12
1780531406298 0.00029990397160872817 13
1780531414922 0.0032469818834215403 14
1780531423908 0.00017773019499145448 15
1780531433068 0.002892259508371353 16
1780531441987 0.0020692716352641582 17
1780531451098 0.0029793516732752323 18
1780531459958 0.004421263933181763 19
1780531469185 0.0012215604074299335 20
1780531478380 0.0022747754119336605 21
1780531487098 -0.003313412657007575 22
1780531495998 -0.001294187968596816 23
1780531504640 -0.0006306727300398052 24
1780531513588 -0.003203726140782237 25
1780531522452 0.0033671543933451176 26
1780531531054 0.0013117189519107342 27
1780531539872 -0.0006440356955863535 28
1780531548704 -0.0028376225382089615 29
1780531557516 0.0005989473429508507 30
1780531566410 0.0007084825774654746 31
1780531575166 0.0002882643311750144 32
1780531584029 0.002522187540307641 33
1780531592875 -0.0011990091297775507 34
1780531601781 0.006488760933279991 35
1780531610581 -0.001000482589006424 36
1780531619169 0.0019237289670854807 37
1780531628021 -0.0003687458811327815 38
1780531636511 -0.00014448368165176362 39
1780531645365 0.001062892028130591 40
1780531654134 -0.0006134142749942839 41
1780531662779 -0.0021839032415300608 42
1780531671669 -0.003105921670794487 43
1780531680419 -0.0021344940178096294 44
1780531689213 0.00254264404065907 45
1780531698028 0.00044687470654025674 46
1780531706612 0.0020553823560476303 47
1780531715509 0.0024837662931531668 48
1780531724055 -0.0030046948231756687 49
1780531732654 -0.0013837412698194385 50
1780531741633 -0.0051706028170883656 51
1780531750283 -0.0012371264165267348 52
1780531759279 0.002143214689567685 53
1780531768087 -0.0005106179742142558 54
1780531777005 0.0009054708643816411 55
1780531785898 0.0007423891220241785 56
1780531794538 -0.005989479832351208 57
1780531803420 9.222488006344065e-05 58
1780531812283 -0.0006849706987850368 59
1780531821654 -0.00033181015169247985 60
1780531830631 0.00011212129902560264 61
1780531839378 0.0018608404789119959 62
1780531848105 0.005654462613165379 63
1780531856738 -0.004412395413964987 64
1780531865503 -0.003124757669866085 65
1780531874397 0.0007348833023570478 66
1780531882964 0.0006306517752818763 67
1780531891701 0.000437397655332461 68
1780531900496 -0.0003089545061811805 69
1780531909303 -0.005228847730904818 70
1780531918334 -0.002000632928684354 71
1780531927026 -0.001307681086473167 72
1780531936065 0.003555897856131196 73
1780531944922 0.0012232476146891713 74
1780531953814 0.0016971410950645804 75
1780531962657 0.006868570577353239 76
1780531971198 -0.0030816462822258472 77
1780531980056 0.0008667473448440433 78
1780531988534 -0.0026264020707458258 79
1780531997442 0.0013402806362137198 80
1780532006316 0.0016543626552447677 81
1780532014970 0.002170699182897806 82
1780532023878 0.0031622585374861956 83
1780532032771 0.0002381042140768841 84
1780532041737 0.002546857111155987 85
1780532050766 0.004490995313972235 86
1780532060216 -0.001031545689329505 87
1780532071449 -0.000657975091598928 88
1780532082826 0.002230588346719742 89
1780532092752 0.003898179391399026 90
1780532102950 0.0014545266749337316 91
1780532111988 0.0031975312158465385 92
1780532120891 0.0033875147346407175 93
1780532129878 0.0008637714199721813 94
1780532138475 0.003073980798944831 95
1780532147782 0.0046429201029241085 96
1780532156786 0.003278332995250821 97
1780532165376 0.002156358677893877 98
1780532174390 -0.0027301155496388674 99
1780532183518 0.00817054882645607 100
