1780066524441 0.05198788270354271 1
1780066527944 0.05116836354136467 2
1780066531430 0.04693666845560074 3
1780066534959 0.04551364853978157 4
1780066538491 0.0440787672996521 5
1780066541982 0.043540939688682556 6
1780066545497 0.04355480894446373 7
1780066549012 0.042998578399419785 8
1780066552239 0.04307350143790245 9
1780066555423 0.04261475428938866 10
1780066558639 0.042175326496362686 11
1780066561808 0.04208611324429512 12
1780066565016 0.04202898219227791 13
1780066568228 0.041836317628622055 14
1780066571382 0.04157620668411255 15
1780066574586 0.04163100942969322 16
1780066577754 0.0417681522667408 17
1780066581047 0.04097837954759598 18
1780066584358 0.04151804745197296 19
1780066587669 0.04098021611571312 20
1780066591020 0.040908388793468475 21
1780066594289 0.040684837847948074 22
1780066597603 0.04077191278338432 23
1780066600887 0.04081659018993378 24
1780066604159 0.040373098105192184 25
1780066607447 0.04007168114185333 26
1780066610755 0.04034911468625069 27
1780066614001 0.040233831852674484 28
1780066617256 0.040508050471544266 29
1780066620493 0.03994593769311905 30
1780066623749 0.040212612599134445 31
1780066626965 0.03992796316742897 32
1780066630151 0.039730362594127655 33
1780066633390 0.04007299616932869 34
1780066636567 0.03972578048706055 35
1780066639777 0.04010910168290138 36
1780066643326 0.03971441462635994 37
1780066646861 0.03985295817255974 38
1780066650371 0.03877730295062065 39
1780066653852 0.03941452503204346 40
1780066657363 0.03966837376356125 41
1780066660883 0.039831627160310745 42
1780066664395 0.0389135479927063 43
1780066667942 0.039299290627241135 44
1780066671254 0.038445327430963516 45
1780066674443 0.03959037363529205 46
1780066677654 0.03885423392057419 47
1780066680820 0.03910331055521965 48
1780066684025 0.038623109459877014 49
1780066687251 0.03905942291021347 50
1780066690421 0.03897831588983536 51
1780066693557 0.03837790712714195 52
1780066696739 0.038568977266550064 53
1780066699922 0.03822079300880432 54
1780066703236 0.03837009146809578 55
1780066706559 0.03775501623749733 56
1780066709874 0.038475602865219116 57
1780066713186 0.038139332085847855 58
1780066716482 0.03794686868786812 59
1780066719821 0.03810495883226395 60
1780066723066 0.03835934400558472 61
1780066726372 0.037845999002456665 62
1780066729658 0.03849025070667267 63
1780066732797 0.0375223234295845 64
1780066736006 0.0375429131090641 65
1780066739165 0.03772639483213425 66
1780066742382 0.03846017271280289 67
1780066745555 0.037727076560258865 68
1780066748789 0.03751979395747185 69
1780066752110 0.03832051903009415 70
1780066755330 0.037328820675611496 71
1780066758546 0.03795537352561951 72
1780066761985 0.038428835570812225 73
1780066765416 0.037270091474056244 74
1780066768916 0.03780622407793999 75
1780066772423 0.03725745901465416 76
1780066775873 0.03746095299720764 77
1780066779393 0.03657406195998192 78
