1780066524441 0.031636569648981094 1
1780066527944 0.0311064925044775 2
1780066531430 0.02640046924352646 3
1780066534959 0.0253378264605999 4
1780066538491 0.023803263902664185 5
1780066541982 0.023818444460630417 6
1780066545497 0.023549487814307213 7
1780066549012 0.023041272535920143 8
1780066552239 0.02317747287452221 9
1780066555423 0.022839173674583435 10
1780066558639 0.022829022258520126 11
1780066561808 0.02207828313112259 12
1780066565016 0.022922547534108162 13
1780066568228 0.022312559187412262 14
1780066571382 0.022038914263248444 15
1780066574586 0.022037331014871597 16
1780066577754 0.022132359445095062 17
1780066581047 0.02184300497174263 18
1780066584358 0.022120296955108643 19
1780066587669 0.021731460466980934 20
1780066591020 0.02150118350982666 21
1780066594289 0.02116154506802559 22
1780066597603 0.021496709436178207 23
1780066600887 0.02121672034263611 24
1780066604159 0.02133171260356903 25
1780066607447 0.02094784751534462 26
1780066610755 0.021219508722424507 27
1780066614001 0.021354172378778458 28
1780066617256 0.02129526063799858 29
1780066620493 0.021078795194625854 30
1780066623749 0.020823897793889046 31
1780066626965 0.020622875541448593 32
1780066630151 0.020799873396754265 33
1780066633390 0.020818103104829788 34
1780066636567 0.020772302523255348 35
1780066639777 0.021169044077396393 36
1780066643326 0.02066514827311039 37
1780066646861 0.02062365412712097 38
1780066650371 0.02024289220571518 39
1780066653852 0.020506374537944794 40
1780066657363 0.0205702967941761 41
1780066660883 0.02103009633719921 42
1780066664395 0.020365754142403603 43
1780066667942 0.02022787183523178 44
1780066671254 0.01995009556412697 45
1780066674443 0.020379088819026947 46
1780066677654 0.020096512511372566 47
1780066680820 0.020833415910601616 48
1780066684025 0.019955582916736603 49
1780066687251 0.020378807559609413 50
1780066690421 0.020424166694283485 51
1780066693557 0.020290354266762733 52
1780066696739 0.019847827032208443 53
1780066699922 0.020009486004710197 54
1780066703236 0.019611887633800507 55
1780066706559 0.019663063809275627 56
1780066709874 0.019676800817251205 57
1780066713186 0.01942233182489872 58
1780066716482 0.019906099885702133 59
1780066719821 0.01956268772482872 60
1780066723066 0.0202522873878479 61
1780066726372 0.019847359508275986 62
1780066729658 0.021003810688853264 63
1780066732797 0.019713308662176132 64
1780066736006 0.019381863996386528 65
1780066739165 0.0196402445435524 66
1780066742382 0.01964409463107586 67
1780066745555 0.01998400129377842 68
1780066748789 0.01945836842060089 69
1780066752110 0.019890911877155304 70
1780066755330 0.01962536945939064 71
1780066758546 0.020227475091814995 72
1780066761985 0.01963549666106701 73
1780066765416 0.019420873373746872 74
1780066768916 0.019683033227920532 75
1780066772423 0.01965179480612278 76
1780066775873 0.01964738965034485 77
1780066779393 0.01916598156094551 78
