1780066524441 -0.0017827285919338465 1
1780066527944 -9.487671923125163e-05 2
1780066531430 0.00468837283551693 3
1780066534959 0.006081294268369675 4
1780066538491 0.002420758595690131 5
1780066541982 0.0017467251745983958 6
1780066545497 0.003437473438680172 7
1780066549012 0.0006035052356310189 8
1780066552239 -0.0010253791697323322 9
1780066555423 -0.0006579775945283473 10
1780066558639 0.004597590770572424 11
1780066561808 0.002250881167128682 12
1780066565016 -0.002731118118390441 13
1780066568228 0.004518560599535704 14
1780066571382 0.00015580860781483352 15
1780066574586 0.003372883191332221 16
1780066577754 0.003555570961907506 17
1780066581047 0.005139890592545271 18
1780066584358 0.0018528337823227048 19
1780066587669 0.002639522310346365 20
1780066591020 0.004468526225537062 21
1780066594289 0.0025566956028342247 22
1780066597603 0.002519167959690094 23
1780066600887 0.0006298349471762776 24
1780066604159 -0.00016580664669163525 25
1780066607447 0.00019520205387379974 26
1780066610755 -3.4804346796590835e-05 27
1780066614001 0.004682184662669897 28
1780066617256 -0.0005991237703710794 29
1780066620493 0.001631844905205071 30
1780066623749 -0.0002728471881709993 31
1780066626965 -0.0008223498589359224 32
1780066630151 0.0009764274582266808 33
1780066633390 1.4766706954105757e-05 34
1780066636567 0.0005955906235612929 35
1780066639777 0.0006382762221619487 36
1780066643326 0.0031132055446505547 37
1780066646861 0.0026385202072560787 38
1780066650371 0.0023944168351590633 39
1780066653852 0.0005821775994263589 40
1780066657363 -0.0005146473995409906 41
1780066660883 0.0007377032889053226 42
1780066664395 0.0032892359886318445 43
1780066667942 -0.0018161243060603738 44
1780066671254 0.0003476843412499875 45
1780066674443 0.0038197520188987255 46
1780066677654 0.00029391664429567754 47
1780066680820 -0.004962211474776268 48
1780066684025 -0.002059764228761196 49
1780066687251 0.002899124752730131 50
1780066690421 -0.001067665172740817 51
1780066693557 -0.0022235980723053217 52
1780066696739 0.003245309693738818 53
1780066699922 6.125329673523083e-05 54
1780066703236 0.0021480992436408997 55
1780066706559 -0.0008796414476819336 56
1780066709874 0.0005663263145834208 57
1780066713186 0.0003622424555942416 58
1780066716482 -0.0015115125570446253 59
1780066719821 0.002476999768987298 60
1780066723066 -0.0020093258935958147 61
1780066726372 0.00042196561116725206 62
1780066729658 -0.00625542551279068 63
1780066732797 0.00019566355331335217 64
1780066736006 0.0013179685920476913 65
1780066739165 0.002206730656325817 66
1780066742382 0.0008665519417263567 67
1780066745555 -0.004847462754696608 68
1780066748789 0.002422965131700039 69
1780066752110 0.0031318303663283587 70
1780066755330 -8.251581311924383e-05 71
1780066758546 0.005164249800145626 72
1780066761985 9.973004489438608e-05 73
1780066765416 0.00027624593349173665 74
1780066768916 0.0005896626971662045 75
1780066772423 0.0011604008032009006 76
1780066775873 0.0007824601489119232 77
1780066779393 5.397936547524296e-05 78
