1780066524441 0.3142671810648154 1
1780066527944 0.30389034803208537 2
1780066531430 0.2653890957319459 3
1780066534959 0.2311528221749352 4
1780066538491 0.22153104925193443 5
1780066541982 0.21491725646731213 6
1780066545497 0.2113696251371698 7
1780066549012 0.207997424059388 8
1780066552239 0.2052540801875057 9
1780066555423 0.20350783979854928 10
1780066558639 0.20136339199309874 11
1780066561808 0.19957856670116522 12
1780066565016 0.2019819985862514 13
1780066568228 0.19682920020050024 14
1780066571382 0.19627504091686224 15
1780066574586 0.19462146915605658 16
1780066577754 0.19368372306259188 17
1780066581047 0.1929690766425894 18
1780066584358 0.19215143123054856 19
1780066587669 0.19109126326901715 20
1780066591020 0.18936115879778126 21
1780066594289 0.1886840306978523 22
1780066597603 0.18876819299971073 23
1780066600887 0.18732288731833088 24
1780066604159 0.18639664645710405 25
1780066607447 0.18600087783773908 26
1780066610755 0.1851720576889293 27
1780066614001 0.18439568640628778 28
1780066617256 0.18348276530870927 29
1780066620493 0.18265749211669222 30
1780066623749 0.18388508912372792 31
1780066626965 0.1823861090423063 32
1780066630151 0.18387952091735463 33
1780066633390 0.18100386709132354 34
1780066636567 0.18266274583138067 35
1780066639777 0.18023895064317652 36
1780066643326 0.17989697484555506 37
1780066646861 0.18106932269436865 38
1780066650371 0.1799045794625741 39
1780066653852 0.17765752571865318 40
1780066657363 0.1781415868684429 41
1780066660883 0.17750744301880894 42
1780066664395 0.17919621222020457 43
1780066667942 0.17639902568014681 44
1780066671254 0.17592516939212857 45
1780066674443 0.17840916208970117 46
1780066677654 0.17491308912382822 47
1780066680820 0.1751094664551365 48
1780066684025 0.17562142832019617 49
1780066687251 0.17445737167594297 50
1780066690421 0.17440167460078668 51
1780066693557 0.1738423853010002 52
1780066696739 0.17686717340576977 53
1780066699922 0.17334300767921745 54
1780066703236 0.17408137516478908 55
1780066706559 0.17327179946399138 56
1780066709874 0.17329933467551467 57
1780066713186 0.17281317567535484 58
1780066716482 0.17176964004025902 59
1780066719821 0.17176034252688951 60
1780066723066 0.1718063595021502 61
1780066726372 0.17222565648797702 62
1780066729658 0.1724180449863569 63
1780066732797 0.1711531043068425 64
1780066736006 0.1719018342820081 65
1780066739165 0.17024012161989796 66
1780066742382 0.17038224380754768 67
1780066745555 0.17026412065670557 68
1780066748789 0.16917198279726833 69
1780066752110 0.17253041655675805 70
1780066755330 0.16938313694540844 71
1780066758546 0.16850333049672855 72
1780066761985 0.17196144238429392 73
1780066765416 0.1695722035480856 74
1780066768916 0.177337637316853 75
1780066772423 0.1704866824155756 76
1780066775873 0.16940337641609649 77
1780066779393 0.16951323199001225 78
