1779920396392 -0.0015883393352851272 1
1779920398981 0.00250502722337842 2
1779920401398 -0.007965064607560635 3
1779920403916 0.0031593579333275557 4
1779920406320 0.0012192113790661097 5
1779920408756 -0.00028703277348540723 6
1779920411044 -0.003186884569004178 7
1779920413511 -0.0001450857234885916 8
1779920415994 0.0034756911918520927 9
1779920418477 0.003734554862603545 10
1779920420838 0.004405855666846037 11
1779920423219 0.002642846666276455 12
1779920425657 0.0017499130917713046 13
1779920428044 0.0030314670875668526 14
1779920430460 0.00282365083694458 15
1779920432913 0.002867564558982849 16
1779920435534 0.0020326997619122267 17
1779920438135 2.3034861442283727e-05 18
1779920440436 0.002520021516829729 19
1779920442833 0.004544944502413273 20
1779920445157 0.004288295283913612 21
1779920447718 -0.002772687468677759 22
1779920449990 0.0035769843962043524 23
1779920452273 0.0006836451939307153 24
1779920454502 -0.001333737513050437 25
1779920456703 0.0016842985060065985 26
1779920458968 -0.0014726780354976654 27
1779920461181 0.00283257314004004 28
1779920463429 -0.000617934565525502 29
1779920465701 -0.005199275445193052 30
1779920467952 0.002248473232612014 31
1779920470250 0.0014234862755984068 32
1779920472562 0.0036352381575852633 33
1779920474738 0.000522361951880157 34
1779920476989 0.0023306389339268208 35
1779920479182 -0.00047505274415016174 36
1779920481426 0.000946433690842241 37
1779920483667 0.002176509937271476 38
1779920485902 0.0008674950222484767 39
1779920488339 0.0025211621541529894 40
