1779920396392 0.029683968052268028 1
1779920398981 0.03046553023159504 2
1779920401398 0.026108402758836746 3
1779920403916 0.02393949404358864 4
1779920406320 0.0230393186211586 5
1779920408756 0.02232367731630802 6
1779920411044 0.02274659276008606 7
1779920413511 0.022540699690580368 8
1779920415994 0.02223186008632183 9
1779920418477 0.022007280960679054 10
1779920420838 0.022048095241189003 11
1779920423219 0.02175235189497471 12
1779920425657 0.021443629637360573 13
1779920428044 0.02125895582139492 14
1779920430460 0.02129131369292736 15
1779920432913 0.021059708669781685 16
1779920435534 0.020979803055524826 17
1779920438135 0.02086116187274456 18
1779920440436 0.02086353860795498 19
1779920442833 0.021181747317314148 20
1779920445157 0.021459534764289856 21
1779920447718 0.02120036818087101 22
1779920449990 0.020938441157341003 23
1779920452273 0.02024942636489868 24
1779920454502 0.020324772223830223 25
1779920456703 0.020414598286151886 26
1779920458968 0.020428132265806198 27
1779920461181 0.020266948267817497 28
1779920463429 0.02047291398048401 29
1779920465701 0.021045919507741928 30
1779920467952 0.020579366013407707 31
1779920470250 0.02042228914797306 32
1779920472562 0.020258555188775063 33
1779920474738 0.020128700882196426 34
1779920476989 0.020182646811008453 35
1779920479182 0.019864115864038467 36
1779920481426 0.020335586741566658 37
1779920483667 0.02013958990573883 38
1779920485902 0.01978812925517559 39
1779920488339 0.020166633650660515 40
