1779920396392 0.07491490989923477 1
1779920398981 0.07465511560440063 2
1779920401398 0.07218530774116516 3
1779920403916 0.07083187997341156 4
1779920406320 0.07048724591732025 5
1779920408756 0.07041123509407043 6
1779920411044 0.0703713446855545 7
1779920413511 0.06993580609560013 8
1779920415994 0.07021240144968033 9
1779920418477 0.0701620802283287 10
1779920420838 0.06983274221420288 11
1779920423219 0.06969618797302246 12
1779920425657 0.06953061372041702 13
1779920428044 0.06956928968429565 14
1779920430460 0.06944553554058075 15
1779920432913 0.06925730407238007 16
1779920435534 0.06917712837457657 17
1779920438135 0.06917626410722733 18
1779920440436 0.06909770518541336 19
1779920442833 0.0695221871137619 20
1779920445157 0.06968838721513748 21
1779920447718 0.06907392293214798 22
1779920449990 0.06906955689191818 23
1779920452273 0.06906483322381973 24
1779920454502 0.06883932650089264 25
1779920456703 0.06897692382335663 26
1779920458968 0.0689583495259285 27
1779920461181 0.06903908401727676 28
1779920463429 0.06911105662584305 29
1779920465701 0.06906036287546158 30
1779920467952 0.06901530176401138 31
1779920470250 0.0688939020037651 32
1779920472562 0.06903761625289917 33
1779920474738 0.06869958341121674 34
1779920476989 0.06890152394771576 35
1779920479182 0.06868906319141388 36
1779920481426 0.06871694326400757 37
1779920483667 0.06860513985157013 38
1779920485902 0.06860137730836868 39
1779920488339 0.06872456520795822 40
