1779920396392 0.1691048942280538 1
1779920398981 0.1617303724931784 2
1779920401398 0.1332983979519159 3
1779920403916 0.11262505828369583 4
1779920406320 0.1064807925599091 5
1779920408756 0.10178667496756418 6
1779920411044 0.10082574818827232 7
1779920413511 0.09910379258849075 8
1779920415994 0.09754191208168987 9
1779920418477 0.09717433809330969 10
1779920420838 0.0957263592148287 11
1779920423219 0.09581058567323139 12
1779920425657 0.09410165446315258 13
1779920428044 0.09427972536113308 14
1779920430460 0.09298232548226174 15
1779920432913 0.09186077143063066 16
1779920435534 0.09189210941414695 17
1779920438135 0.09083695162713692 18
1779920440436 0.09060975875366818 19
1779920442833 0.09062328710946826 20
1779920445157 0.08985906351388485 21
1779920447718 0.08973687587526548 22
1779920449990 0.08995227727618263 23
1779920452273 0.08902790101332277 24
1779920454502 0.0883461014821756 25
1779920456703 0.08839987560634606 26
1779920458968 0.0876508812284092 27
1779920461181 0.08776414881334653 28
1779920463429 0.08699002384770015 29
1779920465701 0.0870964786668947 30
1779920467952 0.08641050178711572 31
1779920470250 0.08627929013047993 32
1779920472562 0.08640008113416266 33
1779920474738 0.08601352267644623 34
1779920476989 0.08531340415340645 35
1779920479182 0.08532470433918898 36
1779920481426 0.08569843703803938 37
1779920483667 0.0848797874335333 38
1779920485902 0.08555388163785468 39
1779920488339 0.08486550553257964 40
