1780065217115 -0.0019230182515457273 1
1780065220578 0.004136508796364069 2
1780065224083 0.004591541830450296 3
1780065227576 0.00537466537207365 4
1780065230947 0.0015508689684793353 5
1780065234161 0.003701231675222516 6
1780065237331 0.00014512389316223562 7
1780065240553 0.0040039862506091595 8
1780065243734 0.0064889793284237385 9
1780065246940 -0.0002327313122805208 10
1780065250154 0.006784319877624512 11
1780065253487 -0.005107311066240072 12
1780065256641 0.0024289439897984266 13
1780065259830 0.0019759938586503267 14
1780065263102 0.00470003904774785 15
1780065266361 0.0018949410878121853 16
1780065269646 -0.0015428067417815328 17
1780065272933 -0.0011169611243531108 18
1780065276254 0.0009093470871448517 19
1780065279508 0.005235687363892794 20
1780065282793 -0.002465995028614998 21
1780065286103 0.0033312884625047445 22
1780065289417 0.002274079481139779 23
1780065292577 0.000923211860936135 24
1780065295785 0.0022552930749952793 25
1780065298989 -0.004584345500916243 26
1780065302198 0.0028017484582960606 27
1780065305383 0.004008202813565731 28
1780065308586 0.005378084722906351 29
1780065311867 0.0027145640924572945 30
1780065315105 0.0016744077438488603 31
1780065318356 -0.0006958772428333759 32
1780065321830 -0.001776070799678564 33
1780065325391 0.000437564478488639 34
1780065328867 0.0016057537868618965 35
1780065332265 -0.0017349791014567018 36
1780065335757 -0.0003917603171430528 37
1780065339234 -0.0021953447721898556 38
1780065342765 0.0034652319736778736 39
1780065346267 0.004690556321293116 40
1780065349743 -0.0013766477350145578 41
1780065352866 0.0006247231503948569 42
1780065356021 0.0014161942526698112 43
1780065359235 0.0017502278788015246 44
1780065362431 -0.00035269316867925227 45
1780065365618 -0.0003703563706949353 46
1780065368758 -0.00033852719934657216 47
1780065371976 0.0038602794520556927 48
1780065375161 0.003930575679987669 49
1780065378382 0.0003062339383177459 50
1780065381645 -0.0019246923038735986 51
1780065384940 0.0013118190690875053 52
1780065388223 0.004464645870029926 53
1780065391512 0.0023962054401636124 54
1780065394753 0.0033375457860529423 55
1780065398010 0.003213650081306696 56
1780065401283 0.00010873565770452842 57
1780065404571 0.00011033878399757668 58
1780065407840 3.05032663163729e-05 59
1780065411078 -0.00033942749723792076 60
1780065414262 0.0009288247092626989 61
1780065417506 0.0030087975319474936 62
1780065420737 -0.0009543593041598797 63
1780065423945 0.001888623577542603 64
1780065427181 -0.0004768087819684297 65
1780065430402 0.0014441420789808035 66
1780065433638 0.0005914762150496244 67
1780065436872 -0.0005729091935791075 68
1780065440184 0.000592502357903868 69
1780065443645 0.0016961012734100223 70
1780065447131 -0.0010762021411210299 71
1780065450592 0.0019024634966626763 72
1780065454029 -0.0006863311864435673 73
1780065457506 0.0011021416867151856 74
1780065461021 0.0014712228439748287 75
1780065464514 -0.002261212794110179 76
1780065468064 0.0010323747992515564 77
1780065471345 -0.003704408183693886 78
1780065474537 0.0004111623275093734 79
1780065477683 0.0010214373469352722 80
1780065480897 0.001046094810590148 81
1780065484081 0.0020123973954468966 82
1780065487307 0.0001361678441753611 83
1780065490451 0.0016823580954223871 84
1780065493664 0.0009192104334942997 85
1780065496873 -0.0006954861455596983 86
1780065500077 -0.0021206289529800415 87
