1780065217115 0.03253806382417679 1
1780065220578 0.03171878308057785 2
1780065224083 0.029334668070077896 3
1780065227576 0.02789919637143612 4
1780065230947 0.024348191916942596 5
1780065234161 0.025490257889032364 6
1780065237331 0.023826828226447105 7
1780065240553 0.023467177525162697 8
1780065243734 0.023485127836465836 9
1780065246940 0.02329544723033905 10
1780065250154 0.023065466433763504 11
1780065253487 0.02326483651995659 12
1780065256641 0.022712165489792824 13
1780065259830 0.021929653361439705 14
1780065263102 0.022275198251008987 15
1780065266361 0.0222028736025095 16
1780065269646 0.02197084203362465 17
1780065272933 0.021862683817744255 18
1780065276254 0.021461131051182747 19
1780065279508 0.021923528984189034 20
1780065282793 0.021986542269587517 21
1780065286103 0.02164081297814846 22
1780065289417 0.02141583524644375 23
1780065292577 0.021015888080000877 24
1780065295785 0.02084086649119854 25
1780065298989 0.02171756885945797 26
1780065302198 0.02126195654273033 27
1780065305383 0.021768532693386078 28
1780065308586 0.021535156294703484 29
1780065311867 0.020816726610064507 30
1780065315105 0.020647864788770676 31
1780065318356 0.020746774971485138 32
1780065321830 0.02081366442143917 33
1780065325391 0.020397262647747993 34
1780065328867 0.02038642019033432 35
1780065332265 0.020898260176181793 36
1780065335757 0.020591622218489647 37
1780065339234 0.02034752070903778 38
1780065342765 0.020226992666721344 39
1780065346267 0.02023318223655224 40
1780065349743 0.019940070807933807 41
1780065352866 0.02026389352977276 42
1780065356021 0.019950445741415024 43
1780065359235 0.02049616351723671 44
1780065362431 0.019912471994757652 45
1780065365618 0.020030371844768524 46
1780065368758 0.019847122952342033 47
1780065371976 0.020142503082752228 48
1780065375161 0.02025454305112362 49
1780065378382 0.019694633781909943 50
1780065381645 0.0199089664965868 51
1780065384940 0.019516870379447937 52
1780065388223 0.019976839423179626 53
1780065391512 0.019554952159523964 54
1780065394753 0.019429530948400497 55
1780065398010 0.019789235666394234 56
1780065401283 0.019850213080644608 57
1780065404571 0.019670585170388222 58
1780065407840 0.01948225498199463 59
1780065411078 0.019694972783327103 60
1780065414262 0.019298875704407692 61
1780065417506 0.019565343856811523 62
1780065420737 0.01926044188439846 63
1780065423945 0.01906358264386654 64
1780065427181 0.018950970843434334 65
1780065430402 0.019004886969923973 66
1780065433638 0.0189103651791811 67
1780065436872 0.01915869675576687 68
1780065440184 0.019151795655488968 69
1780065443645 0.018994910642504692 70
1780065447131 0.01898365095257759 71
1780065450592 0.018799517303705215 72
1780065454029 0.0186242014169693 73
1780065457506 0.018660597503185272 74
1780065461021 0.01876278594136238 75
1780065464514 0.018773257732391357 76
1780065468064 0.018513455986976624 77
1780065471345 0.01953713223338127 78
1780065474537 0.018438968807458878 79
1780065477683 0.01878960430622101 80
1780065480897 0.0185288917273283 81
1780065484081 0.018290020525455475 82
1780065487307 0.01843763329088688 83
1780065490451 0.01866551674902439 84
1780065493664 0.01879000850021839 85
1780065496873 0.018460741266608238 86
1780065500077 0.018771538510918617 87
