1780065217115 0.3331804446261731 1
1780065220578 0.32205628691906657 2
1780065224083 0.3161313058237445 3
1780065227576 0.27524546622032847 4
1780065230947 0.24858037760406418 5
1780065234161 0.23908165656423971 6
1780065237331 0.23416786316396318 7
1780065240553 0.22893484467620828 8
1780065243734 0.22573785044363134 9
1780065246940 0.22363968147850943 10
1780065250154 0.2216160631803579 11
1780065253487 0.2206115911047252 12
1780065256641 0.21890107664352493 13
1780065259830 0.21719260487004516 14
1780065263102 0.21521688040038747 15
1780065266361 0.2149161446453653 16
1780065269646 0.21310646488601007 17
1780065272933 0.21236924427004245 18
1780065276254 0.21117150861510012 19
1780065279508 0.21034207180866984 20
1780065282793 0.20947141242833772 21
1780065286103 0.2078938490492597 22
1780065289417 0.2083095081906616 23
1780065292577 0.20662888522253983 24
1780065295785 0.2054827999615014 25
1780065298989 0.20462559282496162 26
1780065302198 0.20338497406962558 27
1780065305383 0.2031944844769373 28
1780065308586 0.20244670133195014 29
1780065311867 0.20065722581448062 30
1780065315105 0.20020203160055092 31
1780065318356 0.19966605580539834 32
1780065321830 0.1989064331759106 33
1780065325391 0.1976835607111958 34
1780065328867 0.1978269676199423 35
1780065332265 0.19708413471631217 36
1780065335757 0.19608509427145218 37
1780065339234 0.1966574513697977 38
1780065342765 0.19525549389091154 39
1780065346267 0.19420742523122037 40
1780065349743 0.1946465365399644 41
1780065352866 0.1938290897103117 42
1780065356021 0.19294738084329863 43
1780065359235 0.19252414967526088 44
1780065362431 0.19209120467494203 45
1780065365618 0.19105863112003305 46
1780065368758 0.19059578209611377 47
1780065371976 0.19043881638294546 48
1780065375161 0.18971228545204782 49
1780065378382 0.18963578748999135 50
1780065381645 0.19048519305743072 51
1780065384940 0.18884864944893764 52
1780065388223 0.18819825826153694 53
1780065391512 0.1878943175754764 54
1780065394753 0.18692446685146075 55
1780065398010 0.1867008446843755 56
1780065401283 0.18615990902354299 57
1780065404571 0.18613903015757463 58
1780065407840 0.1856125893965206 59
1780065411078 0.18555795278471066 60
1780065414262 0.18542355366728522 61
1780065417506 0.18482349803533413 62
1780065420737 0.1836445586751934 63
1780065423945 0.1840019317276886 64
1780065427181 0.18374652730549113 65
1780065430402 0.18238488502060132 66
1780065433638 0.18360230560566104 67
1780065436872 0.1820418694338133 68
1780065440184 0.1824303648924853 69
1780065443645 0.18209082199296034 70
1780065447131 0.18015824396942937 71
1780065450592 0.18178645551330697 72
1780065454029 0.1812376530711041 73
1780065457506 0.18040392273765285 74
1780065461021 0.1818030373159851 75
1780065464514 0.1799476727307725 76
1780065468064 0.1789784608901051 77
1780065471345 0.18045260801312787 78
1780065474537 0.17886211856979145 79
1780065477683 0.18208757505986453 80
1780065480897 0.17964544659972695 81
1780065484081 0.17922347147671416 82
1780065487307 0.1782136048499424 83
1780065490451 0.17855582384680088 84
1780065493664 0.17861138151104053 85
1780065496873 0.1792566902998512 86
1780065500077 0.1782890576436076 87
