1780065217115 0.052199214696884155 1
1780065220578 0.05303475260734558 2
1780065224083 0.05022912099957466 3
1780065227576 0.047327589243650436 4
1780065230947 0.04506968334317207 5
1780065234161 0.04577099159359932 6
1780065237331 0.044022902846336365 7
1780065240553 0.04418380558490753 8
1780065243734 0.0439404733479023 9
1780065246940 0.04359821230173111 10
1780065250154 0.043248385190963745 11
1780065253487 0.04304523766040802 12
1780065256641 0.04229716584086418 13
1780065259830 0.04212231561541557 14
1780065263102 0.042309850454330444 15
1780065266361 0.04172402620315552 16
1780065269646 0.041305769234895706 17
1780065272933 0.04122447222471237 18
1780065276254 0.04121988266706467 19
1780065279508 0.0416247621178627 20
1780065282793 0.041542112827301025 21
1780065286103 0.040902189910411835 22
1780065289417 0.04115596041083336 23
1780065292577 0.04090409353375435 24
1780065295785 0.040561772882938385 25
1780065298989 0.0405997559428215 26
1780065302198 0.04076560214161873 27
1780065305383 0.04049881547689438 28
1780065308586 0.04027699679136276 29
1780065311867 0.04021313413977623 30
1780065315105 0.039786968380212784 31
1780065318356 0.040216218680143356 32
1780065321830 0.03983365371823311 33
1780065325391 0.039432741701602936 34
1780065328867 0.03975556045770645 35
1780065332265 0.03965811803936958 36
1780065335757 0.03960877284407616 37
1780065339234 0.03947267681360245 38
1780065342765 0.03924506902694702 39
1780065346267 0.03921797126531601 40
1780065349743 0.03909777104854584 41
1780065352866 0.03875583037734032 42
1780065356021 0.03872988373041153 43
1780065359235 0.03918728977441788 44
1780065362431 0.03862220048904419 45
1780065365618 0.03846752271056175 46
1780065368758 0.038249146193265915 47
1780065371976 0.0393664687871933 48
1780065375161 0.0387767069041729 49
1780065378382 0.03810377046465874 50
1780065381645 0.037932079285383224 51
1780065384940 0.03764607757329941 52
1780065388223 0.03846690058708191 53
1780065391512 0.03793705999851227 54
1780065394753 0.03778264299035072 55
1780065398010 0.03758598864078522 56
1780065401283 0.0382671095430851 57
1780065404571 0.03737826272845268 58
1780065407840 0.037919413298368454 59
1780065411078 0.03816257044672966 60
1780065414262 0.037512995302677155 61
1780065417506 0.037589531391859055 62
1780065420737 0.037604209035634995 63
1780065423945 0.0370405949652195 64
1780065427181 0.0372282974421978 65
1780065430402 0.037692032754421234 66
1780065433638 0.037448037415742874 67
1780065436872 0.03717956691980362 68
1780065440184 0.037248626351356506 69
1780065443645 0.03699449077248573 70
1780065447131 0.03673844411969185 71
1780065450592 0.03669343888759613 72
1780065454029 0.036943402141332626 73
1780065457506 0.035973865538835526 74
1780065461021 0.03685762360692024 75
1780065464514 0.036605339497327805 76
1780065468064 0.035948242992162704 77
1780065471345 0.03671446070075035 78
1780065474537 0.0358438566327095 79
1780065477683 0.038157686591148376 80
1780065480897 0.036695696413517 81
1780065484081 0.036475203931331635 82
1780065487307 0.03644094988703728 83
1780065490451 0.036350734531879425 84
1780065493664 0.03632843494415283 85
1780065496873 0.03658647835254669 86
1780065500077 0.036599744111299515 87
