1780068062375 0.03414798527956009 1
1780068071756 0.03167618811130524 2
1780068081214 0.030758116394281387 3
1780068090819 0.028035415336489677 4
1780068100391 0.02516113966703415 5
1780068109960 0.02449224703013897 6
1780068119354 0.025280041620135307 7
1780068128783 0.02369360253214836 8
1780068138210 0.0244060717523098 9
1780068147610 0.023082183673977852 10
1780068157038 0.022943777963519096 11
1780068166462 0.022805508226156235 12
1780068175823 0.02314797416329384 13
1780068185230 0.02338130585849285 14
1780068194597 0.02216224931180477 15
1780068204133 0.02229839563369751 16
1780068213736 0.022278353571891785 17
1780068223271 0.022523632273077965 18
1780068232817 0.02219870127737522 19
