1780068062375 0.052343979477882385 1
1780068071756 0.051759157329797745 2
1780068081214 0.050851572304964066 3
1780068090819 0.04881613329052925 4
1780068100391 0.04596327245235443 5
1780068109960 0.044189851731061935 6
1780068119354 0.04539234936237335 7
1780068128783 0.04349050298333168 8
1780068138210 0.04397524148225784 9
1780068147610 0.04317471757531166 10
1780068157038 0.042629096657037735 11
1780068166462 0.042356837540864944 12
1780068175823 0.042547669261693954 13
1780068185230 0.04343552142381668 14
1780068194597 0.04168331250548363 15
1780068204133 0.04196472838521004 16
1780068213736 0.04120827093720436 17
1780068223271 0.04187886789441109 18
1780068232817 0.041375577449798584 19
