1780068062375 0.3342780192987107 1
1780068071756 0.321691021906019 2
1780068081214 0.3184973483641354 3
1780068090819 0.29536871267108533 4
1780068100391 0.2544833861968734 5
1780068109960 0.24030275600342116 6
1780068119354 0.2367513633114591 7
1780068128783 0.23048722441554323 8
1780068138210 0.22814961886683174 9
1780068147610 0.2265292831300807 10
1780068157038 0.22290468231694138 11
1780068166462 0.22098908923078037 12
1780068175823 0.2199046807580216 13
1780068185230 0.21746908728403472 14
1780068194597 0.21503152157205607 15
1780068204133 0.21493208215396703 16
1780068213736 0.2135959105373185 17
1780068223271 0.21218227487978925 18
1780068232817 0.21097322506928545 19
