1780068062375 0.0036701569333672523 1
1780068071756 -0.0047318097203969955 2
1780068081214 -0.0012254964094609022 3
1780068090819 -0.0025643794797360897 4
1780068100391 0.002486689016222954 5
1780068109960 0.0027065840549767017 6
1780068119354 0.009450634941458702 7
1780068128783 -0.0020586710888892412 8
1780068138210 -0.00381637760438025 9
1780068147610 -0.0005224441993050277 10
1780068157038 0.0037155793979763985 11
1780068166462 0.002154471818357706 12
1780068175823 0.002785623539239168 13
1780068185230 0.006326777394860983 14
1780068194597 0.0009499560692347586 15
1780068204133 0.0015955964336171746 16
1780068213736 -0.001050490071065724 17
1780068223271 -0.00021851607016287744 18
1780068232817 -0.002974257804453373 19
