1780066892951 0.3487044438467721 1
1780066915253 0.3371285934150849 2
1780066937488 0.298661076524797 3
1780066959691 0.2674253347150619 4
1780066981930 0.2578851388605906 5
1780067004228 0.2526341268111485 6
1780067026624 0.24881483707380092 7
1780067048833 0.2461949995626355 8
1780067071019 0.24191303826065194 9
1780067093247 0.24024196268388132 10
1780067115672 0.23865637266673698 11
1780067138041 0.23889135137735915 12
1780067160311 0.23830501085450484 13
1780067182568 0.2364774186786335 14
1780067204797 0.23465153596996 15
1780067227041 0.23367849293993845 16
1780067249365 0.23147959781940594 17
1780067271672 0.23020704060666908 18
1780067293881 0.23131893594881192 19
1780067316163 0.23046700105102572 20
1780067338462 0.22772823641151504 21
1780067360720 0.22925403405445574 22
