1780066892951 0.0011759301414713264 1
1780066915253 0.0036735106259584427 2
1780066937488 0.0028209411539137363 3
1780066959691 -0.002970260800793767 4
1780066981930 -0.0040903533808887005 5
1780067004228 0.002541264519095421 6
1780067026624 0.007315249182283878 7
1780067048833 -0.0031256929505616426 8
1780067071019 0.0014245844213292003 9
1780067093247 0.0030219159089028835 10
1780067115672 0.0027472733054310083 11
1780067138041 0.0030444064177572727 12
1780067160311 0.0014036770444363356 13
1780067182568 0.004723918158560991 14
1780067204797 0.0015046830521896482 15
1780067227041 0.0022370032966136932 16
1780067249365 3.69822810171172e-05 17
1780067271672 0.0033578656148165464 18
1780067293881 0.0028352292720228434 19
1780067316163 0.0061224293895065784 20
1780067338462 -0.0021789884194731712 21
1780067360720 -0.0030138767324388027 22
