1780066892951 0.031337738037109375 1
1780066915253 0.03341091424226761 2
1780066937488 0.025863654911518097 3
1780066959691 0.02488274686038494 4
1780066981930 0.025710275396704674 5
1780067004228 0.024365657940506935 6
1780067026624 0.024678252637386322 7
1780067048833 0.02348593808710575 8
1780067071019 0.023372406139969826 9
1780067093247 0.023255355656147003 10
1780067115672 0.02325408160686493 11
1780067138041 0.023087071254849434 12
1780067160311 0.022819029167294502 13
1780067182568 0.022970829159021378 14
1780067204797 0.02240806072950363 15
1780067227041 0.022919319570064545 16
1780067249365 0.02219449356198311 17
1780067271672 0.022863194346427917 18
1780067293881 0.022128209471702576 19
1780067316163 0.023275841027498245 20
1780067338462 0.022025641053915024 21
1780067360720 0.022153638303279877 22
