1780066892951 0.052104443311691284 1
1780066915253 0.05154800787568092 2
1780066937488 0.04630855843424797 3
1780066959691 0.045465461909770966 4
1780066981930 0.04591171815991402 5
1780067004228 0.04484124481678009 6
1780067026624 0.04444805160164833 7
1780067048833 0.04348088800907135 8
1780067071019 0.04289286956191063 9
1780067093247 0.04352109506726265 10
1780067115672 0.04293054714798927 11
1780067138041 0.04303783178329468 12
1780067160311 0.042503032833337784 13
1780067182568 0.042807869613170624 14
1780067204797 0.04201382398605347 15
1780067227041 0.04270656779408455 16
1780067249365 0.04167858138680458 17
1780067271672 0.04231208935379982 18
1780067293881 0.04164603352546692 19
1780067316163 0.042229894548654556 20
1780067338462 0.0414564348757267 21
1780067360720 0.04167475923895836 22
