1779920261819 0.0014296225272119045 1
1779920264789 0.0033073334489017725 2
1779920267795 0.0005405018455348909 3
1779920270710 0.002752292202785611 4
1779920273783 0.006130489986389875 5
1779920276634 0.000611963274423033 6
1779920279583 0.0027059740386903286 7
1779920282467 -0.0014994756784290075 8
1779920285315 0.0011286285007372499 9
1779920288187 -0.00016261979180853814 10
1779920291077 0.0023747419472783804 11
1779920293920 -0.0010888980468735099 12
1779920296748 0.0032640420831739902 13
1779920299622 0.0006086136563681066 14
1779920302505 -0.0023708180524408817 15
1779920305412 0.0006060868036001921 16
1779920308389 0.002074284479022026 17
1779920311351 0.0029642058070749044 18
1779920314224 -0.0012071526143699884 19
1779920317117 -0.001960208173841238 20
1779920320068 0.0028007524088025093 21
1779920323072 0.00172707240562886 22
1779920325974 0.0017626142362132668 23
1779920328895 0.0006536263390444219 24
1779920331826 0.002065883483737707 25
1779920334623 0.0013968308921903372 26
1779920337439 0.00044387736124917865 27
1779920340272 0.00020507897716015577 28
1779920343145 0.000564544287044555 29
1779920345964 -0.0002821947855409235 30
1779920348786 -0.0016792161623016 31
1779920351611 0.0027752576861530542 32
1779920354442 0.004785080440342426 33
1779920357373 0.00047424514195881784 34
1779920360228 -0.0021156182046979666 35
1779920363067 0.0018679405329748988 36
1779920365871 0.0009995202999562025 37
1779920368838 0.0015117316506803036 38
1779920371681 0.0024287228006869555 39
1779920374626 0.0029059352818876505 40
