1779920261819 0.07490125298500061 1
1779920264789 0.07499556988477707 2
1779920267795 0.07474593818187714 3
1779920270710 0.07474546134471893 4
1779920273783 0.07472729682922363 5
1779920276634 0.07453269511461258 6
1779920279583 0.07447722554206848 7
1779920282467 0.07448241859674454 8
1779920285315 0.07433345913887024 9
1779920288187 0.07437026500701904 10
1779920291077 0.07424502819776535 11
1779920293920 0.0741468071937561 12
1779920296748 0.07425060868263245 13
1779920299622 0.0742129236459732 14
1779920302505 0.07420103996992111 15
1779920305412 0.07423408329486847 16
1779920308389 0.07419517636299133 17
1779920311351 0.07437167316675186 18
1779920314224 0.07404180616140366 19
1779920317117 0.0741407573223114 20
1779920320068 0.07416006177663803 21
1779920323072 0.07408684492111206 22
1779920325974 0.07394836097955704 23
1779920328895 0.07388964295387268 24
1779920331826 0.07397909462451935 25
1779920334623 0.07395587116479874 26
1779920337439 0.073894202709198 27
1779920340272 0.07388575375080109 28
1779920343145 0.07390229403972626 29
1779920345964 0.07385257631540298 30
1779920348786 0.07384540140628815 31
1779920351611 0.07397918403148651 32
1779920354442 0.07426582276821136 33
1779920357373 0.07379986345767975 34
1779920360228 0.07386141270399094 35
1779920363067 0.07380080223083496 36
1779920365871 0.0737728402018547 37
1779920368838 0.07381585985422134 38
1779920371681 0.07377918809652328 39
1779920374626 0.07394278049468994 40
