1779920261819 0.030724823474884033 1
1779920264789 0.029480276629328728 2
1779920267795 0.02957862988114357 3
1779920270710 0.030911894515156746 4
1779920273783 0.030810615047812462 5
1779920276634 0.02981821447610855 6
1779920279583 0.029956085607409477 7
1779920282467 0.029124410822987556 8
1779920285315 0.029005734249949455 9
1779920288187 0.029150942340493202 10
1779920291077 0.029888464137911797 11
1779920293920 0.02910687029361725 12
1779920296748 0.03010380081832409 13
1779920299622 0.029209507629275322 14
1779920302505 0.029304664582014084 15
1779920305412 0.02940545417368412 16
1779920308389 0.02979826182126999 17
1779920311351 0.028878219425678253 18
1779920314224 0.02894608862698078 19
1779920317117 0.029060889035463333 20
1779920320068 0.02918653003871441 21
1779920323072 0.029975231736898422 22
1779920325974 0.029289498925209045 23
1779920328895 0.029435258358716965 24
1779920331826 0.029188599437475204 25
1779920334623 0.02981403097510338 26
1779920337439 0.028841905295848846 27
1779920340272 0.02952546998858452 28
1779920343145 0.029249154031276703 29
1779920345964 0.028659531846642494 30
1779920348786 0.028912294656038284 31
1779920351611 0.029068654403090477 32
1779920354442 0.02900666370987892 33
1779920357373 0.02959631383419037 34
1779920360228 0.028741471469402313 35
1779920363067 0.029027283191680908 36
1779920365871 0.02879992686212063 37
1779920368838 0.02929571270942688 38
1779920371681 0.029605349525809288 39
1779920374626 0.02902919426560402 40
