1779920261819 0.1578676223898558 1
1779920264789 0.15008836180053794 2
1779920267795 0.14856838923429982 3
1779920270710 0.14739684360332725 4
1779920273783 0.14684171545686145 5
1779920276634 0.14645800821113686 6
1779920279583 0.1459170567595269 7
1779920282467 0.14517634760167644 8
1779920285315 0.1448895725377992 9
1779920288187 0.14503809970806125 10
1779920291077 0.14461297995459607 11
1779920293920 0.14472638511871175 12
1779920296748 0.14448384373107562 13
1779920299622 0.14406821850081777 14
1779920302505 0.14355742115496603 15
1779920305412 0.14374961565471878 16
1779920308389 0.14341865719062566 17
1779920311351 0.14356195452538403 18
1779920314224 0.14348813908857092 19
1779920317117 0.14280280968579706 20
1779920320068 0.1428116185092893 21
1779920323072 0.1425706958680442 22
1779920325974 0.14214820983324497 23
1779920328895 0.14166908700932485 24
1779920331826 0.1417595948356899 25
1779920334623 0.14151386187999374 26
1779920337439 0.141626200194858 27
1779920340272 0.1409627568520626 28
1779920343145 0.14094702463299447 29
1779920345964 0.14109639926061815 30
1779920348786 0.14125876986619199 31
1779920351611 0.14099455121955923 32
1779920354442 0.1405294279955307 33
1779920357373 0.1405661288269131 34
1779920360228 0.14084231955083934 35
1779920363067 0.140382868804797 36
1779920365871 0.14049784162854032 37
1779920368838 0.14044461542991896 38
1779920371681 0.13986267508636166 39
1779920374626 0.14033647485015807 40
