1780535515678 0.27842647604686666 1
1780535524711 0.26587973158597755 2
1780535533795 0.25713325742780435 3
1780535542750 0.2214641977528263 4
1780535551994 0.1965166228414066 5
1780535560962 0.18778000672738984 6
1780535569770 0.18259040832180592 7
1780535578875 0.17822436380081308 8
1780535587629 0.17481898063087153 9
1780535596617 0.17209415991770166 10
1780535605388 0.16924520450017008 11
1780535614710 0.16778384458355358 12
1780535623792 0.16561615600830942 13
1780535632629 0.16403740367857447 14
1780535641775 0.16281700919281653 15
1780535650531 0.16143351428930977 16
1780535659573 0.15991277467976925 17
1780535668610 0.15851480524705544 18
1780535677405 0.1574013298369829 19
1780535686521 0.15641455161653817 20
1780535695070 0.15469036645321804 21
1780535704001 0.15368209952362952 22
1780535713048 0.15325424690662023 23
1780535721659 0.15219109232448932 24
1780535730702 0.15189308431650156 25
1780535739353 0.150291916209929 26
1780535748489 0.1498144876233065 27
1780535757617 0.14957981580863824 28
1780535766373 0.14819169910601926 29
1780535775524 0.14787333508292222 30
1780535784310 0.14797860011155775 31
1780535793619 0.14694050214064983 32
1780535802752 0.1464649360115503 33
1780535811357 0.1461177648057984 34
1780535820270 0.14493029426622933 35
1780535829313 0.14491845241268894 36
1780535838191 0.14425879062602037 37
1780535847117 0.1440222876753195 38
1780535855750 0.1436371989215321 39
1780535864756 0.1430810037107607 40
1780535873451 0.14280826112998393 41
1780535882752 0.1421785791723056 42
1780535891625 0.14188317196772024 43
1780535900444 0.14106494099942773 44
1780535909488 0.14099627002093193 45
1780535918294 0.14086799295112237 46
1780535927297 0.14095410523644122 47
1780535935989 0.1407788891638807 48
1780535944886 0.13951712640972277 49
1780535953856 0.13991248225725153 50
1780535962521 0.13882937676944354 51
1780535971508 0.13918702475647923 52
1780535980043 0.13817206638843232 53
1780535988951 0.1378966223578643 54
1780535998024 0.1377259785087006 55
1780536006716 0.13779138644762295 56
1780536015650 0.1373423335152269 57
1780536024173 0.1369801199867123 58
1780536033197 0.13627388295025286 59
1780536042174 0.13622041194904733 60
1780536050897 0.13556222278688324 61
1780536059932 0.13526395376647612 62
1780536068509 0.1346785619092317 63
1780536077419 0.13469801400731388 64
1780536086359 0.13425940120854482 65
1780536095043 0.13439790299881 66
1780536103968 0.1339265654161633 67
1780536112966 0.13369573233308685 68
1780536121718 0.1334754728827895 69
1780536130840 0.1328024441553363 70
1780536139769 0.13274402570835853 71
1780536149119 0.13236551122947207 72
1780536158217 0.1319375863158054 73
1780536166731 0.13194428223913807 74
1780536175726 0.13066118112806863 75
1780536184575 0.13143704036306697 76
1780536193687 0.13072865576786688 77
1780536202765 0.13053423709786102 78
1780536211420 0.1301889596832273 79
1780536220422 0.12956919133735806 80
1780536229164 0.13018021301028207 81
1780536238524 0.1298010434855493 82
