1780535515678 -0.004027984570711851 1
1780535524711 -0.0014953813515603542 2
1780535533795 0.000995419337414205 3
1780535542750 0.004006401635706425 4
1780535551994 0.0030344475526362658 5
1780535560962 0.0014304483775049448 6
1780535569770 0.0021070726215839386 7
1780535578875 -0.0004782449686899781 8
1780535587629 0.0012995331780984998 9
1780535596617 0.005476068239659071 10
1780535605388 -0.0024198212195187807 11
1780535614710 -0.0022702249698340893 12
1780535623792 0.00010843475320143625 13
1780535632629 -0.0018461967119947076 14
1780535641775 0.001340649090707302 15
1780535650531 0.001223880099132657 16
1780535659573 0.0036139837466180325 17
1780535668610 0.0016513210721313953 18
1780535677405 -0.00395266804844141 19
1780535686521 -0.00023330426483880728 20
1780535695070 -0.0015345197170972824 21
1780535704001 0.001977390144020319 22
1780535713048 0.0014410134172067046 23
1780535721659 0.0028405464254319668 24
1780535730702 -0.0008113290532492101 25
1780535739353 0.0033425665460526943 26
1780535748489 -0.0008161891018971801 27
1780535757617 -0.004622076638042927 28
1780535766373 0.0034930792171508074 29
1780535775524 -0.0038831387646496296 30
1780535784310 0.002108677290380001 31
1780535793619 -0.0011576128890737891 32
1780535802752 0.002783925039693713 33
1780535811357 -0.001588303130120039 34
1780535820270 0.00313667138107121 35
1780535829313 7.291578367585316e-05 36
1780535838191 0.0021624539513140917 37
1780535847117 0.001964258262887597 38
1780535855750 -0.0020052939653396606 39
1780535864756 0.00539647601544857 40
1780535873451 0.00011644633195828646 41
1780535882752 0.0038144660647958517 42
1780535891625 0.0036838713567703962 43
1780535900444 -0.0009401837014593184 44
1780535909488 0.0022665318101644516 45
1780535918294 0.0009452059748582542 46
1780535927297 0.0054522790014743805 47
1780535935989 -0.0010288214543834329 48
1780535944886 0.0020170591305941343 49
1780535953856 0.0004945868859067559 50
1780535962521 -0.0023294275160878897 51
1780535971508 -0.0024335102643817663 52
1780535980043 -0.003452847944572568 53
1780535988951 0.0015160846523940563 54
1780535998024 0.0015881408471614122 55
1780536006716 0.0013585597043856978 56
1780536015650 -0.002410678192973137 57
1780536024173 0.0013765195617452264 58
1780536033197 0.0003750609466806054 59
1780536042174 -0.0009176501189358532 60
1780536050897 0.0011342952493578196 61
1780536059932 0.00123020529281348 62
1780536068509 0.0001403807837050408 63
1780536077419 9.337250230601057e-05 64
1780536086359 -0.0033539009746164083 65
1780536095043 -0.0011708647944033146 66
1780536103968 0.00308806961402297 67
1780536112966 0.0021562122274190187 68
1780536121718 -1.3387839317147154e-05 69
1780536130840 -0.0031060907058417797 70
1780536139769 0.0011168740456923842 71
1780536149119 -0.0009325089049525559 72
1780536158217 -0.0016211086185649037 73
1780536166731 -0.0021165621001273394 74
1780536175726 -0.0004212864732835442 75
1780536184575 -0.001350303879007697 76
1780536193687 -0.0026545273140072823 77
1780536202765 0.0009856183314695954 78
1780536211420 -0.0008860212401486933 79
1780536220422 -0.0010798368602991104 80
1780536229164 -0.0026468036230653524 81
1780536238524 -0.0005578830605372787 82
