1780535515678 0.03409799188375473 1
1780535524711 0.03271229937672615 2
1780535533795 0.030646169558167458 3
1780535542750 0.026783332228660583 4
1780535551994 0.025578191503882408 5
1780535560962 0.02502446435391903 6
1780535569770 0.02465098910033703 7
1780535578875 0.02457733452320099 8
1780535587629 0.02402261458337307 9
1780535596617 0.02418624237179756 10
1780535605388 0.024686913937330246 11
1780535614710 0.024158621206879616 12
1780535623792 0.022816427052021027 13
1780535632629 0.022739732638001442 14
1780535641775 0.02329886145889759 15
1780535650531 0.022803740575909615 16
1780535659573 0.022471407428383827 17
1780535668610 0.022357022389769554 18
1780535677405 0.023013899102807045 19
1780535686521 0.022525325417518616 20
1780535695070 0.021996373310685158 21
1780535704001 0.021911069750785828 22
1780535713048 0.02271099202334881 23
1780535721659 0.021944571286439896 24
1780535730702 0.02172883041203022 25
1780535739353 0.02178400196135044 26
1780535748489 0.021418634802103043 27
1780535757617 0.022230781614780426 28
1780535766373 0.021615516394376755 29
1780535775524 0.022020820528268814 30
1780535784310 0.021626047790050507 31
1780535793619 0.021375592797994614 32
1780535802752 0.021463554352521896 33
1780535811357 0.02121889963746071 34
1780535820270 0.021380815654993057 35
1780535829313 0.02130216732621193 36
1780535838191 0.02109191194176674 37
1780535847117 0.021094713360071182 38
1780535855750 0.020961839705705643 39
1780535864756 0.021411610767245293 40
1780535873451 0.020636720582842827 41
1780535882752 0.021069016307592392 42
1780535891625 0.020969582721590996 43
1780535900444 0.02068861573934555 44
1780535909488 0.02084735594689846 45
1780535918294 0.020943237468600273 46
1780535927297 0.021134475246071815 47
1780535935989 0.020563634112477303 48
1780535944886 0.0209837444126606 49
1780535953856 0.020507514476776123 50
1780535962521 0.020756561309099197 51
1780535971508 0.02037968672811985 52
1780535980043 0.02092496119439602 53
1780535988951 0.020376864820718765 54
1780535998024 0.02032049372792244 55
1780536006716 0.0202594343572855 56
1780536015650 0.020376581698656082 57
1780536024173 0.02005932666361332 58
1780536033197 0.020346250385046005 59
1780536042174 0.02021716721355915 60
1780536050897 0.019942009821534157 61
1780536059932 0.019965002313256264 62
1780536068509 0.019842147827148438 63
1780536077419 0.01982531137764454 64
1780536086359 0.020154083147644997 65
1780536095043 0.019912298768758774 66
1780536103968 0.020133497193455696 67
1780536112966 0.020396778360009193 68
1780536121718 0.01989566534757614 69
1780536130840 0.01999112404882908 70
1780536139769 0.019808687269687653 71
1780536149119 0.019650520756840706 72
1780536158217 0.019435806199908257 73
1780536166731 0.019879868254065514 74
1780536175726 0.019527845084667206 75
1780536184575 0.01962192915380001 76
1780536193687 0.020077383145689964 77
1780536202765 0.01939707063138485 78
1780536211420 0.019496459513902664 79
1780536220422 0.019658107310533524 80
1780536229164 0.019731448963284492 81
1780536238524 0.019660579040646553 82
