1780535515678 0.05390612781047821 1
1780535524711 0.05356359854340553 2
1780535533795 0.051534201949834824 3
1780535542750 0.047327589243650436 4
1780535551994 0.046601053327322006 5
1780535560962 0.04572272673249245 6
1780535569770 0.04552371799945831 7
1780535578875 0.045375775545835495 8
1780535587629 0.04495794698596001 9
1780535596617 0.04483424499630928 10
1780535605388 0.04500383138656616 11
1780535614710 0.04473161697387695 12
1780535623792 0.04377153888344765 13
1780535632629 0.043523043394088745 14
1780535641775 0.043832309544086456 15
1780535650531 0.04342286288738251 16
1780535659573 0.043004170060157776 17
1780535668610 0.04295964539051056 18
1780535677405 0.042986318469047546 19
1780535686521 0.04254354164004326 20
1780535695070 0.04202501103281975 21
1780535704001 0.04160579666495323 22
1780535713048 0.04182341322302818 23
1780535721659 0.04194110631942749 24
1780535730702 0.04114210605621338 25
1780535739353 0.041519954800605774 26
1780535748489 0.04098721593618393 27
1780535757617 0.04147528484463692 28
1780535766373 0.04132761433720589 29
1780535775524 0.04133642092347145 30
1780535784310 0.04098943993449211 31
1780535793619 0.04050890728831291 32
1780535802752 0.0404747873544693 33
1780535811357 0.040302395820617676 34
1780535820270 0.040420614182949066 35
1780535829313 0.04004529491066933 36
1780535838191 0.03992760181427002 37
1780535847117 0.04031863436102867 38
1780535855750 0.03976384922862053 39
1780535864756 0.04000624641776085 40
1780535873451 0.03919369727373123 41
1780535882752 0.04017594829201698 42
1780535891625 0.03964299336075783 43
1780535900444 0.03896316513419151 44
1780535909488 0.04020107164978981 45
1780535918294 0.03924807533621788 46
1780535927297 0.039373014122247696 47
1780535935989 0.03876908868551254 48
1780535944886 0.03890109062194824 49
1780535953856 0.03896576166152954 50
1780535962521 0.040063172578811646 51
1780535971508 0.03843875974416733 52
1780535980043 0.03900126367807388 53
1780535988951 0.03826506435871124 54
1780535998024 0.038459647446870804 55
1780536006716 0.03785846009850502 56
1780536015650 0.0379907600581646 57
1780536024173 0.03739291429519653 58
1780536033197 0.03813554346561432 59
1780536042174 0.03765280172228813 60
1780536050897 0.03710661455988884 61
1780536059932 0.037211596965789795 62
1780536068509 0.03742757439613342 63
1780536077419 0.037043940275907516 64
1780536086359 0.037693001329898834 65
1780536095043 0.03684544563293457 66
1780536103968 0.03771711885929108 67
1780536112966 0.038421548902988434 68
1780536121718 0.037004254758358 69
1780536130840 0.037122175097465515 70
1780536139769 0.03647356107831001 71
1780536149119 0.03653180971741676 72
1780536158217 0.036093711853027344 73
1780536166731 0.03641404211521149 74
1780536175726 0.03639236092567444 75
1780536184575 0.036621447652578354 76
1780536193687 0.03787244111299515 77
1780536202765 0.03606423735618591 78
1780536211420 0.03619221970438957 79
1780536220422 0.036146435886621475 80
1780536229164 0.03644571080803871 81
1780536238524 0.036421038210392 82
