1780062427671 0.2832077523461104 1
1780062430911 0.27418932241503835 2
1780062434123 0.27113974633100923 3
1780062437268 0.24467983158269846 4
1780062440582 0.21595954014496369 5
1780062444091 0.20167610763589877 6
1780062447572 0.195000607189555 7
1780062451091 0.19035759342176717 8
1780062454595 0.18676524385652382 9
1780062458108 0.1828389931982088 10
1780062461535 0.1795452544288454 11
1780062464958 0.17793091436174657 12
1780062468462 0.17597883319911442 13
1780062471704 0.17451409060689158 14
1780062474910 0.17266644435850056 15
1780062478099 0.17217532045997475 16
1780062481339 0.16985104544911273 17
1780062484537 0.16931321290784357 18
1780062487744 0.16847744100504647 19
1780062490916 0.167472579609012 20
1780062494109 0.16698401095247167 21
1780062497335 0.16555095115877358 22
1780062500552 0.16512268377629447 23
1780062503842 0.1647587962700625 24
1780062507142 0.16308869758569666 25
1780062510438 0.16224087910218674 26
1780062513714 0.1616460193917313 27
1780062517007 0.16103022380182658 28
1780062520281 0.16081944737291992 29
1780062523598 0.1598048532109936 30
1780062526881 0.1591949718620384 31
1780062530181 0.15792033710294495 32
1780062533385 0.15779807176795368 33
1780062536592 0.15734946730115448 34
1780062539817 0.1559756345511365 35
1780062543037 0.1551482741490605 36
1780062546259 0.15501054590587637 37
1780062549488 0.15464998779318298 38
1780062552729 0.15415619732713598 39
1780062555908 0.15290485698942402 40
1780062559098 0.1527384625271309 41
1780062562645 0.15217664866977967 42
1780062566142 0.1517919390196528 43
1780062569661 0.15096231406637275 44
1780062573179 0.1506039017917742 45
1780062576660 0.1508538666521898 46
1780062580165 0.15017394727808728 47
1780062583692 0.14877381340362306 48
1780062587194 0.1493172247521973 49
1780062590605 0.14871578547812164 50
1780062593725 0.14774830739385986 51
1780062596918 0.1478071378083234 52
1780062600078 0.14743074649515667 53
1780062603305 0.14657574473047358 54
1780062606512 0.14679119673736757 55
1780062609706 0.1460866406323668 56
1780062612940 0.14537130164703155 57
1780062616141 0.14481296535998772 58
1780062619292 0.1450935860595668 59
1780062622602 0.1445692437080702 60
1780062625921 0.14422144390343358 61
1780062629212 0.14365194578030901 62
1780062632470 0.1434213405683731 63
1780062635768 0.14322439335428383 64
1780062639071 0.14301391470444882 65
1780062642337 0.14274107347031856 66
1780062645665 0.1421693918269608 67
1780062648993 0.14181951907548038 68
1780062652161 0.14155301175239726 69
1780062655349 0.1416207822965139 70
1780062658526 0.14052373233072096 71
1780062661761 0.14022125814889752 72
1780062664926 0.1403053732348673 73
1780062668080 0.13997271870426345 74
1780062671308 0.1398440938734353 75
1780062674571 0.13945628441161384 76
1780062677798 0.13901126322515672 77
1780062681089 0.13881818976166638 78
1780062684595 0.13950009521167828 79
1780062688061 0.1375303350578025 80
1780062691528 0.13814613605843537 81
1780062695057 0.1381184625701219 82
1780062698581 0.1373668381546567 83
1780062702098 0.13777530219319256 84
1780062705642 0.13717410540164904 85
1780062709145 0.13627717533320124 86
1780062712281 0.13598171071037177 87
1780062715415 0.13581724292411612 88
1780062718605 0.13541958086491893 89
