1780062427671 0.05171247571706772 1
1780062430911 0.05169765651226044 2
1780062434123 0.05109088495373726 3
1780062437268 0.047618262469768524 4
1780062440582 0.046062663197517395 5
1780062444091 0.04500674456357956 6
1780062447572 0.04448676109313965 7
1780062451091 0.04428880289196968 8
1780062454595 0.044151484966278076 9
1780062458108 0.043185893446207047 10
1780062461535 0.04324636235833168 11
1780062464958 0.04266534745693207 12
1780062468462 0.04398176819086075 13
1780062471704 0.04218434914946556 14
1780062474910 0.042011044919490814 15
1780062478099 0.041648026555776596 16
1780062481339 0.04135489836335182 17
1780062484537 0.041564978659152985 18
1780062487744 0.04118529334664345 19
1780062490916 0.04080229997634888 20
1780062494109 0.04121866822242737 21
1780062497335 0.04105435684323311 22
1780062500552 0.04069926217198372 23
1780062503842 0.0408254936337471 24
1780062507142 0.040703702718019485 25
1780062510438 0.040590833872556686 26
1780062513714 0.0403282456099987 27
1780062517007 0.040517184883356094 28
1780062520281 0.040492042899131775 29
1780062523598 0.04026028513908386 30
1780062526881 0.03989613428711891 31
1780062530181 0.04034736752510071 32
1780062533385 0.039847660809755325 33
1780062536592 0.04099489748477936 34
1780062539817 0.039616432040929794 35
1780062543037 0.039953991770744324 36
1780062546259 0.03972770646214485 37
1780062549488 0.039212990552186966 38
1780062552729 0.03940124437212944 39
1780062555908 0.0398033931851387 40
1780062559098 0.03976172208786011 41
1780062562645 0.039620671421289444 42
1780062566142 0.03921670466661453 43
1780062569661 0.03911954537034035 44
1780062573179 0.03915176913142204 45
1780062576660 0.038636088371276855 46
1780062580165 0.03843507543206215 47
1780062583692 0.03906828537583351 48
1780062587194 0.03836723789572716 49
1780062590605 0.038350339978933334 50
1780062593725 0.03864724561572075 51
1780062596918 0.03933362662792206 52
1780062600078 0.038491055369377136 53
1780062603305 0.038013067096471786 54
1780062606512 0.03842829167842865 55
1780062609706 0.038412611931562424 56
1780062612940 0.037815164774656296 57
1780062616141 0.039021916687488556 58
1780062619292 0.038049984723329544 59
1780062622602 0.03782445192337036 60
1780062625921 0.03784877061843872 61
1780062629212 0.037816666066646576 62
1780062632470 0.037334684282541275 63
1780062635768 0.03733658418059349 64
1780062639071 0.03774520009756088 65
1780062642337 0.03759097680449486 66
1780062645665 0.037008125334978104 67
1780062648993 0.03704070299863815 68
1780062652161 0.03658778965473175 69
1780062655349 0.037230703979730606 70
1780062658526 0.036977361887693405 71
1780062661761 0.03651437535881996 72
1780062664926 0.03761837258934975 73
1780062668080 0.0369584895670414 74
1780062671308 0.03666491061449051 75
1780062674571 0.03659216687083244 76
1780062677798 0.03640492260456085 77
1780062681089 0.03691566735506058 78
1780062684595 0.03658889979124069 79
1780062688061 0.03647918999195099 80
1780062691528 0.03689105436205864 81
1780062695057 0.03626945614814758 82
1780062698581 0.0364544652402401 83
1780062702098 0.035892218351364136 84
1780062705642 0.0360705591738224 85
1780062709145 0.03582470118999481 86
1780062712281 0.03514653816819191 87
1780062715415 0.0353715680539608 88
1780062718605 0.03517736867070198 89
