1780062427671 0.031306661665439606 1
1780062430911 0.03128770738840103 2
1780062434123 0.0313744843006134 3
1780062437268 0.027386536821722984 4
1780062440582 0.026290511712431908 5
1780062444091 0.025264034047722816 6
1780062447572 0.024659764021635056 7
1780062451091 0.024668654426932335 8
1780062454595 0.024443313479423523 9
1780062458108 0.02392573654651642 10
1780062461535 0.023831309750676155 11
1780062464958 0.023258989676833153 12
1780062468462 0.024264315143227577 13
1780062471704 0.02262524515390396 14
1780062474910 0.022614629939198494 15
1780062478099 0.02319170907139778 16
1780062481339 0.022664673626422882 17
1780062484537 0.02289455011487007 18
1780062487744 0.02229154296219349 19
1780062490916 0.022081365808844566 20
1780062494109 0.02236517332494259 21
1780062497335 0.021900102496147156 22
1780062500552 0.021928679198026657 23
1780062503842 0.021833892911672592 24
1780062507142 0.022076593711972237 25
1780062510438 0.021599769592285156 26
1780062513714 0.021640747785568237 27
1780062517007 0.02194632776081562 28
1780062520281 0.021608799695968628 29
1780062523598 0.021311582997441292 30
1780062526881 0.02130015939474106 31
1780062530181 0.02185138314962387 32
1780062533385 0.021425476297736168 33
1780062536592 0.022283019497990608 34
1780062539817 0.02110556699335575 35
1780062543037 0.021449025720357895 36
1780062546259 0.02105785720050335 37
1780062549488 0.020922213792800903 38
1780062552729 0.020806847140192986 39
1780062555908 0.02102787420153618 40
1780062559098 0.020797595381736755 41
1780062562645 0.020775271579623222 42
1780062566142 0.020733840763568878 43
1780062569661 0.02067507430911064 44
1780062573179 0.020518122240900993 45
1780062576660 0.020457228645682335 46
1780062580165 0.020318279042840004 47
1780062583692 0.02056259661912918 48
1780062587194 0.020181935280561447 49
1780062590605 0.020190415903925896 50
1780062593725 0.020305590704083443 51
1780062596918 0.020884977653622627 52
1780062600078 0.020322008058428764 53
1780062603305 0.02013702690601349 54
1780062606512 0.020698605105280876 55
1780062609706 0.020431825891137123 56
1780062612940 0.01990937814116478 57
1780062616141 0.02046843431890011 58
1780062619292 0.020154710859060287 59
1780062622602 0.02017662115395069 60
1780062625921 0.019903453066945076 61
1780062629212 0.019771171733736992 62
1780062632470 0.01964767649769783 63
1780062635768 0.019896628335118294 64
1780062639071 0.019973354414105415 65
1780062642337 0.0197268296033144 66
1780062645665 0.0196569561958313 67
1780062648993 0.01959242671728134 68
1780062652161 0.019452011212706566 69
1780062655349 0.01956367678940296 70
1780062658526 0.019354181364178658 71
1780062661761 0.019505992531776428 72
1780062664926 0.019935188814997673 73
1780062668080 0.019665751606225967 74
1780062671308 0.019733240827918053 75
1780062674571 0.019315805286169052 76
1780062677798 0.019581809639930725 77
1780062681089 0.019340788945555687 78
1780062684595 0.019344210624694824 79
1780062688061 0.019131602719426155 80
1780062691528 0.019203558564186096 81
1780062695057 0.01917138136923313 82
1780062698581 0.019551541656255722 83
1780062702098 0.019430754706263542 84
1780062705642 0.019190600141882896 85
1780062709145 0.019083982333540916 86
1780062712281 0.018755987286567688 87
1780062715415 0.019108448177576065 88
1780062718605 0.01897156424820423 89
