1780062427671 -0.002442663535475731 1
1780062430911 0.0008546148310415447 2
1780062434123 -0.003744399407878518 3
1780062437268 -0.0012694100150838494 4
1780062440582 0.0033124142792075872 5
1780062444091 0.0002671074471436441 6
1780062447572 -0.0008285593357868493 7
1780062451091 -0.003751041367650032 8
1780062454595 0.006216807756572962 9
1780062458108 0.0029612947255373 10
1780062461535 0.0035720421001315117 11
1780062464958 0.0005545370513573289 12
1780062468462 0.0013848742237314582 13
1780062471704 0.0017218616558238864 14
1780062474910 0.0025923617649823427 15
1780062478099 -0.00238262047059834 16
1780062481339 0.001468995469622314 17
1780062484537 0.0029672221280634403 18
1780062487744 -0.00021696342446375638 19
1780062490916 0.00027538923313841224 20
1780062494109 -0.0023083125706762075 21
1780062497335 0.0024528969079256058 22
1780062500552 0.0028244927525520325 23
1780062503842 0.004529984667897224 24
1780062507142 0.0035968490410596132 25
1780062510438 0.001080831279978156 26
1780062513714 -0.0005546360043808818 27
1780062517007 -2.929482980107423e-05 28
1780062520281 -0.001803043531253934 29
1780062523598 0.0013775004772469401 30
1780062526881 -0.0006582607165910304 31
1780062530181 -0.0038437931798398495 32
1780062533385 0.0023287765216082335 33
1780062536592 0.008484951220452785 34
1780062539817 -0.000711319618858397 35
1780062543037 0.003243718296289444 36
1780062546259 0.0011504702270030975 37
1780062549488 -2.836241401382722e-05 38
1780062552729 -0.0007244920707307756 39
1780062555908 0.0005692551494576037 40
1780062559098 0.003003340680152178 41
1780062562645 0.0008505262085236609 42
1780062566142 0.0009801756823435426 43
1780062569661 -0.0007220522384159267 44
1780062573179 0.0033463172148913145 45
1780062576660 0.00288573419675231 46
1780062580165 0.0010017188033089042 47
1780062583692 0.0035155450459569693 48
1780062587194 0.002423641039058566 49
1780062590605 -0.0002420004748273641 50
1780062593725 0.00240226904861629 51
1780062596918 0.005213893484324217 52
1780062600078 0.0032406740356236696 53
1780062603305 -0.00017032203322742134 54
1780062606512 0.005235952325165272 55
1780062609706 -0.0018205430824309587 56
1780062612940 -0.00048326034448109567 57
1780062616141 0.002822674112394452 58
1780062619292 -0.00011229905067011714 59
1780062622602 -0.002508730161935091 60
1780062625921 0.0010716392425820231 61
1780062629212 0.001777966390363872 62
1780062632470 -0.0002010088210226968 63
1780062635768 -0.0010527221020311117 64
1780062639071 -0.00048182072350755334 65
1780062642337 0.0010613881750032306 66
1780062645665 0.002171298721805215 67
1780062648993 0.0025117758195847273 68
1780062652161 5.897976370761171e-05 69
1780062655349 0.002127873245626688 70
1780062658526 0.001438102568499744 71
1780062661761 0.0030098347924649715 72
1780062664926 0.002414742251858115 73
1780062668080 0.003123851493000984 74
1780062671308 -0.0030044722370803356 75
1780062674571 0.00026598715339787304 76
1780062677798 0.00010904374357778579 77
1780062681089 0.0012464962201192975 78
1780062684595 -0.0006672452436760068 79
1780062688061 0.0018828916363418102 80
1780062691528 0.00025527129764668643 81
1780062695057 -0.00035463779931887984 82
1780062698581 -0.0022965623065829277 83
1780062702098 0.0015018786070868373 84
1780062705642 0.0007511996664106846 85
1780062709145 -0.0013460556510835886 86
1780062712281 -0.0006324930000118911 87
1780062715415 -0.0024598685558885336 88
1780062718605 0.0017515781801193953 89
