1780536249459 0.053773630410432816 1
1780536258386 0.05270197615027428 2
1780536267442 0.05115770176053047 3
1780536276369 0.04800250008702278 4
1780536285365 0.04580479860305786 5
1780536294078 0.04531688615679741 6
1780536303076 0.045568276196718216 7
1780536312012 0.04487290233373642 8
1780536320692 0.04454485699534416 9
1780536329685 0.044287532567977905 10
1780536338270 0.04469018429517746 11
1780536347248 0.04412640258669853 12
1780536356310 0.04435679316520691 13
1780536365133 0.04364699497818947 14
1780536374091 0.04313363879919052 15
1780536382649 0.043046049773693085 16
1780536391812 0.04271851107478142 17
1780536400928 0.047243960201740265 18
1780536409730 0.04332040995359421 19
1780536418883 0.04218914732336998 20
1780536427581 0.042252685874700546 21
1780536436865 0.04228511080145836 22
1780536446127 0.04180947318673134 23
1780536455047 0.04178836569190025 24
1780536464065 0.041564907878637314 25
1780536472903 0.041323814541101456 26
1780536482082 0.04117744043469429 27
1780536491260 0.04098917171359062 28
1780536500340 0.04083457961678505 29
1780536509620 0.04129785671830177 30
1780536518513 0.0412876196205616 31
1780536527435 0.04066459462046623 32
1780536536399 0.04121318832039833 33
1780536545082 0.040825244039297104 34
1780536554082 0.04074043035507202 35
1780536562879 0.04050001874566078 36
1780536571855 0.04018095135688782 37
1780536580852 0.040424659848213196 38
1780536589822 0.04060664027929306 39
1780536598969 0.04038577154278755 40
1780536607931 0.03993019089102745 41
1780536617126 0.04025920107960701 42
1780536625984 0.040978167206048965 43
1780536635517 0.04009246453642845 44
1780536644613 0.0401897169649601 45
1780536653455 0.040248412638902664 46
1780536662450 0.04062218591570854 47
1780536671123 0.0401429608464241 48
1780536679953 0.039099983870983124 49
1780536688993 0.03968961536884308 50
1780536697779 0.03975806385278702 51
1780536706925 0.039647120982408524 52
1780536715502 0.039555542171001434 53
1780536724885 0.04004482924938202 54
1780536733896 0.03935489431023598 55
1780536742736 0.038968008011579514 56
1780536751856 0.03911722078919411 57
1780536760658 0.03936738893389702 58
1780536769722 0.03930116072297096 59
1780536778720 0.03876681625843048 60
1780536787593 0.03942031040787697 61
1780536796749 0.03928413242101669 62
1780536805464 0.039038993418216705 63
1780536814948 0.03867959603667259 64
1780536824085 0.03895479068160057 65
1780536833675 0.039058417081832886 66
1780536843059 0.03896579146385193 67
1780536851874 0.038978565484285355 68
1780536861000 0.038635145872831345 69
