1780536249459 0.0031624557450413704 1
1780536258386 0.0016875478904694319 2
1780536267442 -0.00125992635730654 3
1780536276369 -0.00331494421698153 4
1780536285365 -0.0008275447762571275 5
1780536294078 -0.0031432758551090956 6
1780536303076 0.003966528922319412 7
1780536312012 -0.001586889149621129 8
1780536320692 -0.0023950093891471624 9
1780536329685 -0.0027218922041356564 10
1780536338270 0.0020131035707890987 11
1780536347248 0.004324554465711117 12
1780536356310 0.0030094729736447334 13
1780536365133 -0.0018473889213055372 14
1780536374091 -0.001953243277966976 15
1780536382649 -0.0004656300588976592 16
1780536391812 0.0006927123758941889 17
1780536400928 0.0014609871432185173 18
1780536409730 0.00019282069115433842 19
1780536418883 -0.00022593047469854355 20
1780536427581 0.0029492375906556845 21
1780536436865 -0.004396417178213596 22
1780536446127 -0.0028152242302894592 23
1780536455047 0.0011278761085122824 24
1780536464065 -0.0019075610907748342 25
1780536472903 -0.0005833790055476129 26
1780536482082 0.0018086907221004367 27
1780536491260 -0.000409581494750455 28
1780536500340 -0.0006313464255072176 29
1780536509620 0.0022868902888149023 30
1780536518513 0.004195482935756445 31
1780536527435 -0.004169327672570944 32
1780536536399 0.000892100331839174 33
1780536545082 6.95365306455642e-05 34
1780536554082 0.004014247562736273 35
1780536562879 0.0023453892208635807 36
1780536571855 -0.0032147206366062164 37
1780536580852 0.005176311358809471 38
1780536589822 -0.0011613329406827688 39
1780536598969 -0.0016354124527424574 40
1780536607931 0.003537059761583805 41
1780536617126 0.0020578051917254925 42
1780536625984 -0.0032469797879457474 43
1780536635517 0.003370090154930949 44
1780536644613 0.00036901497514918447 45
1780536653455 0.0035037279594689608 46
1780536662450 0.0046447161585092545 47
1780536671123 0.0004086195840500295 48
1780536679953 0.0015041215810924768 49
1780536688993 7.63411371735856e-05 50
1780536697779 -0.0016420854954048991 51
1780536706925 0.0015438211848959327 52
1780536715502 -0.0004075641627423465 53
1780536724885 0.005266875494271517 54
1780536733896 -0.0013285587774589658 55
1780536742736 0.0024445713497698307 56
1780536751856 0.003924272023141384 57
1780536760658 0.0008450953173451126 58
1780536769722 -0.0015048813074827194 59
1780536778720 0.0019706804305315018 60
1780536787593 0.0007387981750071049 61
1780536796749 -7.215373625513166e-05 62
1780536805464 0.0017061128746718168 63
1780536814948 0.0033084626775234938 64
1780536824085 -0.000749237195122987 65
1780536833675 0.00325868115760386 66
1780536843059 0.0026151894126087427 67
1780536851874 0.004091497510671616 68
1780536861000 -0.0018739942461252213 69
