1780536249459 0.1898049256007038 1
1780536258386 0.17699577186065996 2
1780536267442 0.16597149676055467 3
1780536276369 0.14642048494589222 4
1780536285365 0.12678190820058316 5
1780536294078 0.11855813348249726 6
1780536303076 0.11444802789560767 7
1780536312012 0.11156324768979117 8
1780536320692 0.10975719885756871 9
1780536329685 0.10845548706772268 10
1780536338270 0.10628044302329409 11
1780536347248 0.10488640550284924 12
1780536356310 0.10329466517091669 13
1780536365133 0.10294104811442663 14
1780536374091 0.10099011738001575 15
1780536382649 0.10039276124003164 16
1780536391812 0.09910743126750089 17
1780536400928 0.10619082792709747 18
1780536409730 0.10799081242551753 19
1780536418883 0.09958090971789159 20
1780536427581 0.09606280570636427 21
1780536436865 0.09561319037315615 22
1780536446127 0.09420115557884318 23
1780536455047 0.09390114786770652 24
1780536464065 0.0931390680608761 25
1780536472903 0.09277147699562056 26
1780536482082 0.0918593828200955 27
1780536491260 0.09175595515244962 28
1780536500340 0.09068237753792278 29
1780536509620 0.09048394829180065 30
1780536518513 0.08991741387825686 31
1780536527435 0.08954060514654985 32
1780536536399 0.08929618362376691 33
1780536545082 0.08910745525449684 34
1780536554082 0.08836975451604222 35
1780536562879 0.08808152633927199 36
1780536571855 0.08829077147098695 37
1780536580852 0.08695677351917705 38
1780536589822 0.0865967466604119 39
1780536598969 0.08723504818025689 40
1780536607931 0.08818629357107377 41
1780536617126 0.08657846134685579 42
1780536625984 0.08774473583197129 43
1780536635517 0.0860236041266002 44
1780536644613 0.08547587893981938 45
1780536653455 0.08546635269162424 46
1780536662450 0.0849233872183787 47
1780536671123 0.08541629097562897 48
1780536679953 0.08521261970133534 49
1780536688993 0.0843742488906889 50
1780536697779 0.08496989953769696 51
1780536706925 0.08387378680691499 52
1780536715502 0.08339742183152686 53
1780536724885 0.08313907918336429 54
1780536733896 0.08359914745115633 55
1780536742736 0.08350603346910349 56
1780536751856 0.08317369676575634 57
1780536760658 0.08288534981850006 58
1780536769722 0.08219078928232193 59
1780536778720 0.08197091743168455 60
1780536787593 0.08272695730823894 61
1780536796749 0.08283308276393664 62
1780536805464 0.08202542888740522 63
1780536814948 0.08159411019796187 64
1780536824085 0.08150380653738491 65
1780536833675 0.08130101771506229 66
1780536843059 0.08168317758569768 67
1780536851874 0.08132735835607705 68
1780536861000 0.08103752767804868 69
