1780536249459 0.03324253484606743 1
1780536258386 0.031848352402448654 2
1780536267442 0.0305752195417881 3
1780536276369 0.027559271082282066 4
1780536285365 0.025076236575841904 5
1780536294078 0.024758057668805122 6
1780536303076 0.02489040605723858 7
1780536312012 0.02439185418188572 8
1780536320692 0.024197164922952652 9
1780536329685 0.02393151819705963 10
1780536338270 0.024018172174692154 11
1780536347248 0.023417804390192032 12
1780536356310 0.023529887199401855 13
1780536365133 0.023442642763257027 14
1780536374091 0.02304353564977646 15
1780536382649 0.023013588041067123 16
1780536391812 0.02261456847190857 17
1780536400928 0.026366040110588074 18
1780536409730 0.023308292031288147 19
1780536418883 0.022527439519762993 20
1780536427581 0.02238302305340767 21
1780536436865 0.022762112319469452 22
1780536446127 0.02263009548187256 23
1780536455047 0.02247040718793869 24
1780536464065 0.02226182445883751 25
1780536472903 0.02216516248881817 26
1780536482082 0.021724415943026543 27
1780536491260 0.021918339654803276 28
1780536500340 0.021589094772934914 29
1780536509620 0.021849194541573524 30
1780536518513 0.022229298949241638 31
1780536527435 0.0219265203922987 32
1780536536399 0.021955469623208046 33
1780536545082 0.02164331078529358 34
1780536554082 0.021852102130651474 35
1780536562879 0.021597640588879585 36
1780536571855 0.021385928615927696 37
1780536580852 0.021851152181625366 38
1780536589822 0.021423449739813805 39
1780536598969 0.02139691263437271 40
1780536607931 0.021183520555496216 41
1780536617126 0.02129831165075302 42
1780536625984 0.021524807438254356 43
1780536635517 0.0211662445217371 44
1780536644613 0.021099843084812164 45
1780536653455 0.021057702600955963 46
1780536662450 0.021454861387610435 47
1780536671123 0.021255264058709145 48
1780536679953 0.020683499053120613 49
1780536688993 0.020823633298277855 50
1780536697779 0.021101323887705803 51
1780536706925 0.02081497572362423 52
1780536715502 0.020627932623028755 53
1780536724885 0.02141687087714672 54
1780536733896 0.020949430763721466 55
1780536742736 0.02089782804250717 56
1780536751856 0.021035626530647278 57
1780536760658 0.02091985195875168 58
1780536769722 0.021146085113286972 59
1780536778720 0.020562924444675446 60
1780536787593 0.020589808002114296 61
1780536796749 0.020728984847664833 62
1780536805464 0.02051713690161705 63
1780536814948 0.02053576149046421 64
1780536824085 0.020571056753396988 65
1780536833675 0.020580166950821877 66
1780536843059 0.020653843879699707 67
1780536851874 0.02059088833630085 68
1780536861000 0.02037617191672325 69
