1779922163984 0.07500625401735306 1
1779922169370 0.07396966218948364 2
1779922174586 0.07239643484354019 3
1779922180007 0.07113480567932129 4
1779922185344 0.07038674503564835 5
1779922190355 0.07038399577140808 6
1779922195599 0.07039628177881241 7
1779922200716 0.07001828402280807 8
1779922205914 0.06999030709266663 9
1779922211206 0.07014050334692001 10
1779922216166 0.07076548784971237 11
1779922221593 0.06947772949934006 12
1779922226745 0.06958036124706268 13
1779922231770 0.06958413869142532 14
1779922237175 0.0692710354924202 15
1779922242305 0.06936005502939224 16
1779922247824 0.06915464997291565 17
1779922253054 0.06973495334386826 18
1779922257913 0.06919801980257034 19
1779922263178 0.06886458396911621 20
1779922268374 0.06899388879537582 21
1779922273475 0.06877312064170837 22
1779922278519 0.06879766285419464 23
1779922283216 0.06881079077720642 24
1779922288248 0.06870973855257034 25
1779922293638 0.06890769302845001 26
1779922298824 0.06874394416809082 27
1779922303817 0.06861113011837006 28
1779922308634 0.06832148879766464 29
1779922313922 0.06857229769229889 30
1779922318857 0.06845787912607193 31
1779922323787 0.06837919354438782 32
1779922328707 0.068184494972229 33
1779922333548 0.06805268675088882 34
1779922338561 0.06855382770299911 35
1779922343401 0.0680839940905571 36
1779922348470 0.06803306937217712 37
1779922353361 0.06771591305732727 38
1779922358030 0.0681387335062027 39
1779922362713 0.0676485002040863 40
1779922367574 0.06786548346281052 41
1779922372341 0.0679013803601265 42
1779922376940 0.06753358244895935 43
1779922381813 0.06713678687810898 44
1779922386785 0.06688540428876877 45
1779922391796 0.06642335653305054 46
1779922396915 0.06662650406360626 47
1779922402031 0.06577494740486145 48
1779922407166 0.06615470349788666 49
1779922412399 0.06555815041065216 50
1779922417559 0.06437031924724579 51
1779922422165 0.06526243686676025 52
1779922427464 0.0651959627866745 53
1779922432476 0.06488321721553802 54
1779922437327 0.06465136259794235 55
1779922443076 0.06470733135938644 56
1779922448008 0.06468241661787033 57
1779922452912 0.06465636193752289 58
1779922457706 0.06399989128112793 59
1779922462607 0.06388276070356369 60
1779922467505 0.06427033990621567 61
1779922472384 0.06434526294469833 62
1779922477494 0.06396199762821198 63
1779922482716 0.06338955461978912 64
1779922487453 0.06374789774417877 65
1779922492724 0.062088657170534134 66
1779922497423 0.06346485018730164 67
1779922502460 0.06331931054592133 68
1779922507316 0.06175246834754944 69
1779922512010 0.061907362192869186 70
1779922517332 0.06182711943984032 71
1779922522466 0.061536479741334915 72
1779922527397 0.061647284775972366 73
1779922532444 0.061220765113830566 74
1779922537433 0.05958547443151474 75
1779922542626 0.05972373113036156 76
1779922547733 0.05704117193818092 77
1779922553057 0.058037303388118744 78
1779922558455 0.05795943737030029 79
