1779922163984 0.029205195605754852 1
1779922169370 0.02844960242509842 2
1779922174586 0.02578008733689785 3
1779922180007 0.023692253977060318 4
1779922185344 0.02209317311644554 5
1779922190355 0.022012611851096153 6
1779922195599 0.022573743015527725 7
1779922200716 0.021376444026827812 8
1779922205914 0.021586691960692406 9
1779922211206 0.02154644951224327 10
1779922216166 0.02239893563091755 11
1779922221593 0.020636823028326035 12
1779922226745 0.020489124581217766 13
1779922231770 0.021034345030784607 14
1779922237175 0.02029607817530632 15
1779922242305 0.02025572955608368 16
1779922247824 0.019947722554206848 17
1779922253054 0.020745310932397842 18
1779922257913 0.020178457722067833 19
1779922263178 0.01990675926208496 20
1779922268374 0.02013975940644741 21
1779922273475 0.0198114775121212 22
1779922278519 0.019553465768694878 23
1779922283216 0.019358061254024506 24
1779922288248 0.01960592344403267 25
1779922293638 0.019931046292185783 26
1779922298824 0.01946558989584446 27
1779922303817 0.02007167972624302 28
1779922308634 0.01964053511619568 29
1779922313922 0.019903507083654404 30
1779922318857 0.019231028854846954 31
1779922323787 0.01904572732746601 32
1779922328707 0.0190877802670002 33
1779922333548 0.01925908774137497 34
1779922338561 0.01924246922135353 35
1779922343401 0.018865427002310753 36
1779922348470 0.01891324296593666 37
1779922353361 0.018450476229190826 38
1779922358030 0.01895073801279068 39
1779922362713 0.018763244152069092 40
1779922367574 0.019087526947259903 41
1779922372341 0.019016727805137634 42
1779922376940 0.018553009256720543 43
1779922381813 0.018413720652461052 44
1779922386785 0.01883850432932377 45
1779922391796 0.018115650862455368 46
1779922396915 0.018160680308938026 47
1779922402031 0.01790531724691391 48
1779922407166 0.018123110756278038 49
1779922412399 0.01796707883477211 50
1779922417559 0.01792844943702221 51
1779922422165 0.017962854355573654 52
1779922427464 0.018306422978639603 53
1779922432476 0.017459066584706306 54
1779922437327 0.017655635252594948 55
1779922443076 0.018132122233510017 56
1779922448008 0.017653027549386024 57
1779922452912 0.017617691308259964 58
1779922457706 0.017270570620894432 59
1779922462607 0.01737280935049057 60
1779922467505 0.017230898141860962 61
1779922472384 0.01728707365691662 62
1779922477494 0.017628395929932594 63
1779922482716 0.01706036739051342 64
1779922487453 0.017163382843136787 65
1779922492724 0.016792897135019302 66
1779922497423 0.016843516379594803 67
1779922502460 0.0178072489798069 68
1779922507316 0.01748666539788246 69
1779922512010 0.016784481704235077 70
1779922517332 0.016649464145302773 71
1779922522466 0.0163437332957983 72
1779922527397 0.017149103805422783 73
1779922532444 0.016136161983013153 74
1779922537433 0.016189711168408394 75
1779922542626 0.016072366386651993 76
1779922547733 0.015918485820293427 77
1779922553057 0.015969056636095047 78
1779922558455 0.01643563248217106 79
