1779922163984 0.23328030222293103 1
1779922169370 0.2170998204920246 2
1779922174586 0.17759031648478232 3
1779922180007 0.1621132290745077 4
1779922185344 0.1548282721031139 5
1779922190355 0.15024959859399756 6
1779922195599 0.14888627242204572 7
1779922200716 0.14735965184436356 8
1779922205914 0.14473761403650948 9
1779922211206 0.14333920852991833 10
1779922216166 0.14211458271528407 11
1779922221593 0.14128568409826636 12
1779922226745 0.14019363671130713 13
1779922231770 0.1386904891416143 14
1779922237175 0.13802661755976597 15
1779922242305 0.1367936669322906 16
1779922247824 0.13604416831629992 17
1779922253054 0.1353657296024899 18
1779922257913 0.13473297582718624 19
1779922263178 0.13341410302097803 20
1779922268374 0.13320089451783945 21
1779922273475 0.13268211956030737 22
1779922278519 0.13214018450890855 23
1779922283216 0.13110442662780936 24
1779922288248 0.13007023229620346 25
1779922293638 0.13042268290931036 26
1779922298824 0.12911657498990373 27
1779922303817 0.1284717923445889 28
1779922308634 0.12848678945509856 29
1779922313922 0.12754849704705978 30
1779922318857 0.12725697556310447 31
1779922323787 0.1271420839876347 32
1779922328707 0.12647607092317142 33
1779922333548 0.12586572902795368 34
1779922338561 0.12479435270216019 35
1779922343401 0.12483585807533304 36
1779922348470 0.12461280911011473 37
1779922353361 0.12355020803401949 38
1779922358030 0.12339679701843866 39
1779922362713 0.12308819652034723 40
1779922367574 0.1227902579621589 41
1779922372341 0.12133853752217345 42
1779922376940 0.12168133843782519 43
1779922381813 0.12107341157749665 44
1779922386785 0.12095897086477805 45
1779922391796 0.11992001176886158 46
1779922396915 0.11932860732530103 47
1779922402031 0.11948736584116769 48
1779922407166 0.11854878533888126 49
1779922412399 0.11783514608508464 50
1779922417559 0.11727548205388644 51
1779922422165 0.11732041151788773 52
1779922427464 0.11665890363786503 53
1779922432476 0.11598648602455937 54
1779922437327 0.11554541946298984 55
1779922443076 0.11561275530124171 56
1779922448008 0.11526456816999381 57
1779922452912 0.11376939248550201 58
1779922457706 0.11375210082194365 59
1779922462607 0.11299353166798914 60
1779922467505 0.1120235658925509 61
1779922472384 0.1114698419239649 62
1779922477494 0.11118365926847641 63
1779922482716 0.11105370823776262 64
1779922487453 0.1102418834010021 65
1779922492724 0.10954547809955174 66
1779922497423 0.1092301472693107 67
1779922502460 0.10910602353164316 68
1779922507316 0.10827926462695782 69
1779922512010 0.10714776346526692 70
1779922517332 0.10711953639676255 71
1779922522466 0.10627561935913793 72
1779922527397 0.10601383511274642 73
1779922532444 0.10525087874187747 74
1779922537433 0.1044060362107826 75
1779922542626 0.10404789501149464 76
1779922547733 0.10318830841767394 77
1779922553057 0.10294564587600304 78
1779922558455 0.10275674016104586 79
