1779922163984 0.0009630516287870705 1
1779922169370 0.004186936188489199 2
1779922174586 -0.003672955557703972 3
1779922180007 0.0010813173139467835 4
1779922185344 0.002427223604172468 5
1779922190355 0.0024067217018455267 6
1779922195599 0.0038408543914556503 7
1779922200716 0.0011879501398652792 8
1779922205914 0.002950900001451373 9
1779922211206 0.004024787340313196 10
1779922216166 0.006517085712403059 11
1779922221593 -0.0013778159627690911 12
1779922226745 0.003690750105306506 13
1779922231770 0.006608709692955017 14
1779922237175 0.0007443620124831796 15
1779922242305 0.0016739548882469535 16
1779922247824 0.0005602358723990619 17
1779922253054 0.0027351502794772387 18
1779922257913 -0.002585281850770116 19
1779922263178 -0.00032977748196572065 20
1779922268374 0.0040010069496929646 21
1779922273475 0.003447671653702855 22
1779922278519 -0.00015184837684500962 23
1779922283216 0.0010715308599174023 24
1779922288248 -0.00031767506152391434 25
1779922293638 -0.0029414475429803133 26
1779922298824 -0.000777610344812274 27
1779922303817 0.0045161196030676365 28
1779922308634 0.002786673605442047 29
1779922313922 -0.0015716729685664177 30
1779922318857 0.0007040503551252186 31
1779922323787 0.0009935131529346108 32
1779922328707 0.00020675455743912607 33
1779922333548 0.0007771951495669782 34
1779922338561 0.004096776247024536 35
1779922343401 0.00166881806217134 36
1779922348470 -0.002045893808826804 37
1779922353361 0.001491786795668304 38
1779922358030 0.001639154739677906 39
1779922362713 0.00296601140871644 40
1779922367574 -0.0033501689322292805 41
1779922372341 0.004701423924416304 42
1779922376940 -0.0019959586206823587 43
1779922381813 -0.001432394259609282 44
1779922386785 -0.0044964756816625595 45
1779922391796 0.00020091855549253523 46
1779922396915 0.003740627784281969 47
1779922402031 4.373673800728284e-05 48
1779922407166 0.0014992548385635018 49
1779922412399 0.002011033007875085 50
1779922417559 0.0008871977915987372 51
1779922422165 0.0024330103769898415 52
1779922427464 0.0051621245220303535 53
1779922432476 0.000274500111117959 54
1779922437327 -0.0011297239689156413 55
1779922443076 -0.0008496315567754209 56
1779922448008 0.004197023808956146 57
1779922452912 0.0016141036758199334 58
1779922457706 -0.0003420270513743162 59
1779922462607 -0.0019070595735684037 60
1779922467505 0.00040100040496326983 61
1779922472384 -0.0002552495279815048 62
1779922477494 -0.0029542252887040377 63
1779922482716 0.002401290461421013 64
1779922487453 0.0011773586738854647 65
1779922492724 0.0008325063972733915 66
1779922497423 -0.0004674814117606729 67
1779922502460 0.0057052490301430225 68
1779922507316 0.002633035182952881 69
1779922512010 -0.0008831160375848413 70
1779922517332 0.0018077297136187553 71
1779922522466 0.0013354166876524687 72
1779922527397 0.004689161665737629 73
1779922532444 -0.000230329082114622 74
1779922537433 -0.0002473946660757065 75
1779922542626 0.0017601125873625278 76
1779922547733 -0.0013778514694422483 77
1779922553057 -0.0009833798976615071 78
1779922558455 0.002582280896604061 79
