1780538626218 0.1872561129307863 1
1780538635345 0.1781011662959665 2
1780538643988 0.1499162998555832 3
1780538652625 0.1254977254964151 4
1780538661806 0.1184964299105126 5
1780538670902 0.11378864521216707 6
1780538679810 0.1103181620283547 7
1780538688733 0.10730209220034334 8
1780538697174 0.10575176493713373 9
1780538705984 0.10418219133836287 10
1780538714915 0.10205215513464108 11
1780538723645 0.10075841553261085 12
1780538732479 0.10014194262514359 13
1780538741244 0.0982277443455449 14
1780538750226 0.09767317816094592 15
1780538759112 0.09657511591705532 16
1780538768007 0.09519654836817354 17
1780538777036 0.09351283019812585 18
1780538785953 0.09296394278734899 19
1780538794995 0.09260889655395217 20
1780538803686 0.09127013033950454 21
1780538812753 0.09035027178139052 22
1780538822043 0.0898899941589414 23
1780538831010 0.08996611858690104 24
1780538840018 0.08922588083496624 25
1780538848760 0.08837869570300794 26
1780538857836 0.088593086704406 27
1780538867055 0.08747316635751705 28
1780538875968 0.08693166103465202 29
1780538885143 0.08656683443439481 30
1780538893697 0.08564940042896643 31
1780538903146 0.08627826416037317 32
1780538912142 0.08565358178437385 33
1780538920957 0.08481679770529608 34
1780538930032 0.08575336642073093 35
1780538938651 0.0844580107690066 36
1780538947790 0.08462516485640036 37
1780538956824 0.08409695308821943 38
1780538965795 0.08422764250895146 39
1780538975125 0.08442948946833707 40
1780538983889 0.0828398035341385 41
1780538993165 0.08304072734328617 42
1780539002157 0.08299066666528812 43
1780539011684 0.08264738002944826 44
1780539020989 0.08216873215924522 45
1780539029989 0.08213082289097756 46
1780539039266 0.08254853230814059 47
1780539047870 0.08152717760757254 48
1780539056789 0.08133253838282886 49
1780539065728 0.08245448763902162 50
1780539074399 0.0807502011894865 51
1780539083328 0.08060953169940062 52
1780539092056 0.08029089283098252 53
1780539100958 0.0807071108246944 54
1780539110059 0.0799384455943282 55
1780539118913 0.07991567824511 56
1780539128186 0.07982432421003291 57
1780539137299 0.07993760272848423 58
1780539146444 0.07938392723930937 59
1780539155753 0.07872910936499979 60
