1780538626218 0.0025814261753112078 1
1780538635345 0.0030016214586794376 2
1780538643988 0.004440613090991974 3
1780538652625 0.001198199694044888 4
1780538661806 0.006585760973393917 5
1780538670902 0.0010723175946623087 6
1780538679810 0.0011529945768415928 7
1780538688733 0.006017915904521942 8
1780538697174 -0.006967523600906134 9
1780538705984 -0.00119843240827322 10
1780538714915 -0.0012280369410291314 11
1780538723645 0.0055316430516541 12
1780538732479 0.004622279200702906 13
1780538741244 0.003296325681731105 14
1780538750226 -0.0018765702843666077 15
1780538759112 0.0014951385091990232 16
1780538768007 0.0035063582472503185 17
1780538777036 0.004158439580351114 18
1780538785953 0.0022232607007026672 19
1780538794995 -0.007713222876191139 20
1780538803686 -2.8585694963112473e-05 21
1780538812753 -0.0022119705099612474 22
1780538822043 -0.0042740944772958755 23
1780538831010 0.0018512342358008027 24
1780538840018 -0.000858333136420697 25
1780538848760 -0.005504414904862642 26
1780538857836 0.0014051583129912615 27
1780538867055 -0.0027960375882685184 28
1780538875968 0.002796783344820142 29
1780538885143 -0.00098138558678329 30
1780538893697 0.0009479811415076256 31
1780538903146 0.004347656387835741 32
1780538912142 0.0037826679181307554 33
1780538920957 0.0003944647032767534 34
1780538930032 -0.002869874006137252 35
1780538938651 0.00042975481483154 36
1780538947790 -0.0016886324156075716 37
1780538956824 -9.976587170967832e-05 38
1780538965795 -0.0022221324034035206 39
1780538975125 0.002079940401017666 40
1780538983889 0.003891930216923356 41
1780538993165 0.005202127620577812 42
1780539002157 -0.004053929354995489 43
1780539011684 0.002741084201261401 44
1780539020989 -0.001132324687205255 45
1780539029989 -0.0005739256739616394 46
1780539039266 0.0028941037598997355 47
1780539047870 0.00020097241213079542 48
1780539056789 0.00020580679120030254 49
1780539065728 0.0001830061519285664 50
1780539074399 -0.004133771639317274 51
1780539083328 -0.0012095391284674406 52
1780539092056 0.001172238728031516 53
1780539100958 0.0019032880663871765 54
1780539110059 0.005112612619996071 55
1780539118913 -0.0006967363879084587 56
1780539128186 0.0007271670619957149 57
1780539137299 0.002987266518175602 58
1780539146444 -0.004626563750207424 59
1780539155753 -0.004276770632714033 60
