1780538626218 0.05339158698916435 1
1780538635345 0.0534028485417366 2
1780538643988 0.0477626770734787 3
1780538652625 0.046352893114089966 4
1780538661806 0.047357622534036636 5
1780538670902 0.045656003057956696 6
1780538679810 0.04450458660721779 7
1780538688733 0.04458367079496384 8
1780538697174 0.044645316898822784 9
1780538705984 0.04402533546090126 10
1780538714915 0.044576115906238556 11
1780538723645 0.043949391692876816 12
1780538732479 0.04394861310720444 13
1780538741244 0.04285336658358574 14
1780538750226 0.04250454157590866 15
1780538759112 0.04229452461004257 16
1780538768007 0.04238957539200783 17
1780538777036 0.04196145012974739 18
1780538785953 0.04153702035546303 19
1780538794995 0.041995275765657425 20
1780538803686 0.04096992686390877 21
1780538812753 0.04127505421638489 22
1780538822043 0.04100995510816574 23
1780538831010 0.041013360023498535 24
1780538840018 0.04113105684518814 25
1780538848760 0.04137733206152916 26
1780538857836 0.041731417179107666 27
1780538867055 0.0405065193772316 28
1780538875968 0.04021316394209862 29
1780538885143 0.04095948114991188 30
1780538893697 0.040550317615270615 31
1780538903146 0.04043210297822952 32
1780538912142 0.04011077061295509 33
1780538920957 0.04044361412525177 34
1780538930032 0.04054965078830719 35
1780538938651 0.03950106352567673 36
1780538947790 0.03977581858634949 37
1780538956824 0.039393872022628784 38
1780538965795 0.039436500519514084 39
1780538975125 0.039412807673215866 40
1780538983889 0.039658237248659134 41
1780538993165 0.03976600244641304 42
1780539002157 0.039605624973773956 43
1780539011684 0.03993292152881622 44
1780539020989 0.03950109705328941 45
1780539029989 0.03921981528401375 46
1780539039266 0.03983859717845917 47
1780539047870 0.03908858820796013 48
1780539056789 0.038627177476882935 49
1780539065728 0.038557521998882294 50
1780539074399 0.039219629019498825 51
1780539083328 0.03922435641288757 52
1780539092056 0.038763098418712616 53
1780539100958 0.03849754109978676 54
1780539110059 0.03869069740176201 55
1780539118913 0.03839836269617081 56
1780539128186 0.03821032866835594 57
1780539137299 0.038440149277448654 58
1780539146444 0.03912505879998207 59
1780539155753 0.03812698274850845 60
