1780538626218 0.032869853079319 1
1780538635345 0.03236154094338417 2
1780538643988 0.027336658909916878 3
1780538652625 0.025618722662329674 4
1780538661806 0.026857517659664154 5
1780538670902 0.024735547602176666 6
1780538679810 0.02383924461901188 7
1780538688733 0.024168536067008972 8
1780538697174 0.024626338854432106 9
1780538705984 0.02356826886534691 10
1780538714915 0.02441444620490074 11
1780538723645 0.023370446637272835 12
1780538732479 0.02350590005517006 13
1780538741244 0.02275562286376953 14
1780538750226 0.022386321797966957 15
1780538759112 0.02258986048400402 16
1780538768007 0.02250983752310276 17
1780538777036 0.02248305454850197 18
1780538785953 0.021909072995185852 19
1780538794995 0.02351071871817112 20
1780538803686 0.021648632362484932 21
1780538812753 0.021944135427474976 22
1780538822043 0.022149696946144104 23
1780538831010 0.02138734981417656 24
1780538840018 0.021481992676854134 25
1780538848760 0.0222807414829731 26
1780538857836 0.021939368918538094 27
1780538867055 0.021402226760983467 28
1780538875968 0.021175188943743706 29
1780538885143 0.02140549011528492 30
1780538893697 0.021518200635910034 31
1780538903146 0.021553996950387955 32
1780538912142 0.02137390524148941 33
1780538920957 0.021329089999198914 34
1780538930032 0.021432016044855118 35
1780538938651 0.021098939701914787 36
1780538947790 0.021168256178498268 37
1780538956824 0.02093656361103058 38
1780538965795 0.020804744213819504 39
1780538975125 0.021019259467720985 40
1780538983889 0.020933404564857483 41
1780538993165 0.021402906626462936 42
1780539002157 0.021213410422205925 43
1780539011684 0.020984867587685585 44
1780539020989 0.020753737539052963 45
1780539029989 0.020692897960543633 46
1780539039266 0.02118511311709881 47
1780539047870 0.02054608426988125 48
1780539056789 0.02045498974621296 49
1780539065728 0.02058935910463333 50
1780539074399 0.020935511216521263 51
1780539083328 0.021240148693323135 52
1780539092056 0.020386064425110817 53
1780539100958 0.020573878660798073 54
1780539110059 0.020566416904330254 55
1780539118913 0.02045525051653385 56
1780539128186 0.02034481056034565 57
1780539137299 0.020376097410917282 58
1780539146444 0.02099502831697464 59
1780539155753 0.020612388849258423 60
