1779920106008 0.07512053847312927 1
1779920110049 0.07460501044988632 2
1779920113923 0.0744108334183693 3
1779920117889 0.07459775358438492 4
1779920121841 0.07379230856895447 5
1779920125700 0.07291252911090851 6
1779920129538 0.07201898097991943 7
1779920133402 0.07120578736066818 8
1779920137278 0.07089317589998245 9
1779920141214 0.07075228542089462 10
1779920145039 0.07100120931863785 11
1779920148862 0.07069793343544006 12
1779920152700 0.07080844789743423 13
1779920156608 0.07065088301897049 14
1779920160468 0.07024282962083817 15
1779920164357 0.07038383185863495 16
1779920168210 0.07052625715732574 17
1779920172163 0.07015342265367508 18
1779920176117 0.0700608491897583 19
1779920180046 0.07014905661344528 20
1779920183890 0.06989946961402893 21
1779920187751 0.06981931626796722 22
1779920191665 0.07012606412172318 23
1779920195567 0.06982726603746414 24
1779920199475 0.06978845596313477 25
1779920203492 0.07054750621318817 26
1779920207383 0.0695926696062088 27
1779920211229 0.06960123032331467 28
1779920215040 0.07004755735397339 29
1779920218907 0.06971480697393417 30
1779920222796 0.06949637085199356 31
1779920226680 0.06958690285682678 32
1779920230618 0.06944429874420166 33
1779920234470 0.0696590319275856 34
1779920238312 0.0694521814584732 35
1779920242150 0.06952162086963654 36
1779920245980 0.06936536729335785 37
1779920249823 0.06933484226465225 38
1779920253673 0.06954416632652283 39
1779920257547 0.06951781362295151 40
