1779920106008 0.23064065026760758 1
1779920110049 0.2212100591787622 2
1779920113923 0.21848968864923995 3
1779920117889 0.21477808990097572 4
1779920121841 0.21101602041688505 5
1779920125700 0.20116876265849948 6
1779920129538 0.18308917152856993 7
1779920133402 0.16852190828889854 8
1779920137278 0.16159468031290805 9
1779920141214 0.15850303424701875 10
1779920145039 0.154983878597494 11
1779920148862 0.15318623340121643 12
1779920152700 0.15175946212832922 13
1779920156608 0.15018062322264533 14
1779920160468 0.14902386112400323 15
1779920164357 0.1478093773044502 16
1779920168210 0.14631546366723772 17
1779920172163 0.14651661764409588 18
1779920176117 0.14501661293147025 19
1779920180046 0.14419983357150035 20
1779920183890 0.14314091072184323 21
1779920187751 0.14264064926664363 22
1779920191665 0.14235165838367683 23
1779920195567 0.14174378178911104 24
1779920199475 0.141539903034356 25
1779920203492 0.14032534461663446 26
1779920207383 0.14012908538900953 27
1779920211229 0.13952409544800595 28
1779920215040 0.13902658994820163 29
1779920218907 0.13913573329811582 30
1779920222796 0.13814340355310886 31
1779920226680 0.137511182032505 32
1779920230618 0.13773188012403234 33
1779920234470 0.13751576019876915 34
1779920238312 0.1368946724727791 35
1779920242150 0.13657145382780017 36
1779920245980 0.13636265068055842 37
1779920249823 0.13641509687728134 38
1779920253673 0.1360864612086581 39
1779920257547 0.135084555343245 40
