1779920106008 0.03028801828622818 1
1779920110049 0.029210034757852554 2
1779920113923 0.02959098480641842 3
1779920117889 0.02950386330485344 4
1779920121841 0.028430528938770294 5
1779920125700 0.027324533089995384 6
1779920129538 0.025581736117601395 7
1779920133402 0.023752354085445404 8
1779920137278 0.023222992196679115 9
1779920141214 0.023055018857121468 10
1779920145039 0.02308625914156437 11
1779920148862 0.022628162056207657 12
1779920152700 0.022935375571250916 13
1779920156608 0.022469986230134964 14
1779920160468 0.02224871516227722 15
1779920164357 0.022061046212911606 16
1779920168210 0.022009026259183884 17
1779920172163 0.021640758961439133 18
1779920176117 0.021957864984869957 19
1779920180046 0.021947184577584267 20
1779920183890 0.021531909704208374 21
1779920187751 0.021663298830389977 22
1779920191665 0.021632399410009384 23
1779920195567 0.021545207127928734 24
1779920199475 0.020922884345054626 25
1779920203492 0.022240297868847847 26
1779920207383 0.02110397070646286 27
1779920211229 0.02100760117173195 28
1779920215040 0.021354682743549347 29
1779920218907 0.020794065669178963 30
1779920222796 0.020846795290708542 31
1779920226680 0.021305179223418236 32
1779920230618 0.020904460921883583 33
1779920234470 0.02109263464808464 34
1779920238312 0.020518837496638298 35
1779920242150 0.020579567179083824 36
1779920245980 0.020784493535757065 37
1779920249823 0.020377282053232193 38
1779920253673 0.021914876997470856 39
1779920257547 0.021196560934185982 40
