1779920106008 -0.0034318871330469847 1
1779920110049 0.0009085455676540732 2
1779920113923 3.426723924349062e-05 3
1779920117889 0.004598765168339014 4
1779920121841 -0.0014894589548930526 5
1779920125700 0.004269212018698454 6
1779920129538 -0.002713720314204693 7
1779920133402 0.0012000849237665534 8
1779920137278 0.0023282920010387897 9
1779920141214 -0.0014620732981711626 10
1779920145039 -0.0010572482133284211 11
1779920148862 0.0008849006844684482 12
1779920152700 0.004679976962506771 13
1779920156608 0.0001486048277001828 14
1779920160468 -0.0018847084138542414 15
1779920164357 0.0011435117339715362 16
1779920168210 0.003390948986634612 17
1779920172163 -6.193567242007703e-05 18
1779920176117 0.00021802063565701246 19
1779920180046 0.004304870497435331 20
1779920183890 0.0001621732080820948 21
1779920187751 0.0006456795963458717 22
1779920191665 0.0022485742811113596 23
1779920195567 0.0030718017369508743 24
1779920199475 -0.00019621742831077427 25
1779920203492 0.0048292214050889015 26
1779920207383 0.00148250802885741 27
1779920211229 0.0015107658691704273 28
1779920215040 0.003944567404687405 29
1779920218907 0.0004401200858410448 30
1779920222796 -0.000495266227517277 31
1779920226680 0.003605431644245982 32
1779920230618 0.001800364931114018 33
1779920234470 0.0044554127380251884 34
1779920238312 0.0011505326256155968 35
1779920242150 0.0009614768787287176 36
1779920245980 0.0011577245313674212 37
1779920249823 0.0012551280669867992 38
1779920253673 0.001419481122866273 39
1779920257547 -0.004336535464972258 40
