1779921206530 0.029795480892062187 1
1779921211664 0.024139899760484695 2
1779921216485 0.022746089845895767 3
1779921221729 0.022191375494003296 4
1779921226978 0.021876240149140358 5
1779921232266 0.02206641621887684 6
1779921237196 0.02257399633526802 7
1779921242305 0.02192951925098896 8
1779921247201 0.02158260904252529 9
1779921252390 0.021353553980588913 10
1779921257275 0.02162664569914341 11
1779921262167 0.021243227645754814 12
1779921267139 0.02050359919667244 13
1779921272045 0.020869582891464233 14
1779921276998 0.020674096420407295 15
1779921282014 0.02230912633240223 16
1779921286888 0.020260212942957878 17
1779921291675 0.02029351517558098 18
1779921296840 0.020681066438555717 19
1779921302148 0.0221434086561203 20
1779921307285 0.02000606805086136 21
1779921312470 0.01983964443206787 22
1779921317693 0.020550178363919258 23
1779921323197 0.020016642287373543 24
1779921328570 0.019819235429167747 25
1779921333771 0.019866198301315308 26
1779921339085 0.019659370183944702 27
1779921344612 0.01960558444261551 28
1779921349729 0.019467102363705635 29
1779921354855 0.019976908341050148 30
1779921360204 0.01951168291270733 31
1779921365160 0.019723448902368546 32
1779921370263 0.019373290240764618 33
1779921375406 0.0190412737429142 34
1779921380524 0.01930285431444645 35
1779921385949 0.01942041888833046 36
1779921391085 0.019309325143694878 37
1779921396232 0.018992990255355835 38
1779921401662 0.019062981009483337 39
1779921407016 0.018845194950699806 40
