1779921206530 0.21996820705734993 1
1779921211664 0.1774776719059005 2
1779921216485 0.14548924056294865 3
1779921221729 0.13798954863275706 4
1779921226978 0.13558494011273725 5
1779921232266 0.13376609327338287 6
1779921237196 0.13264068775392104 7
1779921242305 0.13102414456937594 8
1779921247201 0.1298178519345512 9
1779921252390 0.12884128693563057 10
1779921257275 0.12731920998061164 11
1779921262167 0.12620672930965904 12
1779921267139 0.1260578722562179 13
1779921272045 0.12406367363187563 14
1779921276998 0.13062913716352512 15
1779921282014 0.12392084344646818 16
1779921286888 0.1232808968898925 17
1779921291675 0.12263376602374489 18
1779921296840 0.12127440639825399 19
1779921302148 0.13123323529774 20
1779921307285 0.127910381198422 21
1779921312470 0.12189640960150679 22
1779921317693 0.12000213839503687 23
1779921323197 0.12027046531849328 24
1779921328570 0.11938571220279233 25
1779921333771 0.11864957137459238 26
1779921339085 0.11845213590964634 27
1779921344612 0.11751947309257406 28
1779921349729 0.11641232138268712 29
1779921354855 0.11675361127749126 30
1779921360204 0.1151043867625645 31
1779921365160 0.11479640543748196 32
1779921370263 0.11489152287956604 33
1779921375406 0.11375814981081268 34
1779921380524 0.11541027169335973 35
1779921385949 0.11244572577972387 36
1779921391085 0.11296978856105942 37
1779921396232 0.11201283279755063 38
1779921401662 0.11152456958390793 39
1779921407016 0.11096280420163118 40
