1779921206530 0.0014527604216709733 1
1779921211664 0.001210383023135364 2
1779921216485 -0.0022724114824086428 3
1779921221729 0.0005383719108067453 4
1779921226978 -0.0006328054587356746 5
1779921232266 0.00643205875530839 6
1779921237196 0.0044222380965948105 7
1779921242305 -0.00014809996355324984 8
1779921247201 -0.00240241433493793 9
1779921252390 -0.0017643669852986932 10
1779921257275 0.002669453853741288 11
1779921262167 0.0009760793182067573 12
1779921267139 0.0001447293907403946 13
1779921272045 0.0038636631797999144 14
1779921276998 0.0008829446160234511 15
1779921282014 0.006561939138919115 16
1779921286888 0.001854969304986298 17
1779921291675 -0.0015579257160425186 18
1779921296840 0.0055352081544697285 19
1779921302148 0.004852975718677044 20
1779921307285 0.0010649117175489664 21
1779921312470 0.00046729695168323815 22
1779921317693 0.002652774564921856 23
1779921323197 0.0015429112827405334 24
1779921328570 -0.00075077562360093 25
1779921333771 -0.003049250692129135 26
1779921339085 -0.0002844952396117151 27
1779921344612 0.00045677818707190454 28
1779921349729 0.0009653908200562 29
1779921354855 -0.001882087322883308 30
1779921360204 -0.0009681162191554904 31
1779921365160 0.0036949135828763247 32
1779921370263 0.0029886923730373383 33
1779921375406 0.0017130124615505338 34
1779921380524 0.003327159909531474 35
1779921385949 0.00110893533565104 36
1779921391085 -0.001588289043866098 37
1779921396232 -0.0012524652993306518 38
1779921401662 0.0026972205378115177 39
1779921407016 0.0024462577421218157 40
