1779921206530 0.07559209316968918 1
1779921211664 0.07110085338354111 2
1779921216485 0.0704982578754425 3
1779921221729 0.07012121379375458 4
1779921226978 0.06998135894536972 5
1779921232266 0.07035989314317703 6
1779921237196 0.06994497776031494 7
1779921242305 0.06978310644626617 8
1779921247201 0.0699148178100586 9
1779921252390 0.06978993117809296 10
1779921257275 0.0701625645160675 11
1779921262167 0.06979396939277649 12
1779921267139 0.06940779089927673 13
1779921272045 0.06948395073413849 14
1779921276998 0.06918936967849731 15
1779921282014 0.07059407979249954 16
1779921286888 0.06890949606895447 17
1779921291675 0.06903646886348724 18
1779921296840 0.06924251466989517 19
1779921302148 0.07064566761255264 20
1779921307285 0.06922431290149689 21
1779921312470 0.06913883984088898 22
1779921317693 0.06883881986141205 23
1779921323197 0.06883299350738525 24
1779921328570 0.06870070099830627 25
1779921333771 0.06862124055624008 26
1779921339085 0.06856157630681992 27
1779921344612 0.06846538186073303 28
1779921349729 0.06825782358646393 29
1779921354855 0.06852506101131439 30
1779921360204 0.0681614801287651 31
1779921365160 0.06867676973342896 32
1779921370263 0.06850734353065491 33
1779921375406 0.06802848726511002 34
1779921380524 0.06820864975452423 35
1779921385949 0.06813570111989975 36
1779921391085 0.06809228658676147 37
1779921396232 0.06775622814893723 38
1779921401662 0.06760025769472122 39
1779921407016 0.0674346461892128 40
