1780537861317 0.15243439990073854 1
1780537870473 0.14361824494106415 2
1780537879170 0.14026743227466154 3
1780537888220 0.1254259806661999 4
1780537896913 0.10307006457719156 5
1780537905957 0.09415091418946399 6
1780537915071 0.09141725503289536 7
1780537923706 0.08833357003902537 8
1780537932747 0.08664792410539089 9
1780537941966 0.08415498310332371 10
1780537950921 0.08293703326745115 11
1780537960008 0.0820602190466696 12
1780537968692 0.08061215482125623 13
1780537978005 0.07930318531251167 14
1780537986912 0.07844308442659344 15
1780537995540 0.07766962170927724 16
1780538004461 0.07675381149161549 17
1780538013398 0.07589231255508892 18
1780538022103 0.07479354277386305 19
1780538031104 0.07387709881804708 20
1780538039818 0.07347137944592778 21
1780538048763 0.07313898659540471 22
1780538057885 0.07196660442724158 23
1780538066806 0.07172667067180215 24
1780538075962 0.07151494627919844 25
1780538084695 0.07085208087754047 26
1780538093603 0.0704336238254821 27
1780538102682 0.07019960961987777 28
1780538111270 0.07023012786074734 29
1780538120122 0.06935270145614152 30
1780538128906 0.0687708545591195 31
1780538137734 0.06874401839699666 32
1780538146920 0.06885464184718534 33
1780538155759 0.06822447233041257 34
1780538164750 0.06773563102190326 35
1780538173628 0.06783143541859622 36
1780538182767 0.0675556410821253 37
1780538192029 0.06735155230295745 38
1780538201023 0.0671326852865838 39
1780538210078 0.06629515332445975 40
1780538218786 0.06638181587994389 41
1780538228126 0.06599217818809369 42
1780538237325 0.06601609572750054 43
1780538246133 0.06541902454196197 44
1780538255166 0.06540484228008749 45
1780538264071 0.06501473956245847 46
1780538273103 0.06501862262228124 47
1780538282220 0.06532779329923186 48
1780538291015 0.0647164986678418 49
1780538300261 0.06404781598479742 50
1780538309096 0.064408958345579 51
1780538318438 0.0637210209503661 52
1780538327321 0.06385789200463836 53
1780538335969 0.06358004343536305 54
1780538344866 0.06459342156613289 55
1780538353677 0.06305994668855937 56
1780538362590 0.06292044672022545 57
1780538371670 0.06331875689848229 58
1780538380491 0.06275363559709828 59
1780538389521 0.0628444923619058 60
1780538398367 0.0628841639633323 61
1780538407510 0.06257934543015897 62
1780538416528 0.062108287633155346 63
1780538425795 0.0622673830627233 64
1780538434967 0.0620331336781201 65
1780538444025 0.06179821930196254 66
1780538453144 0.06115659067723492 67
1780538461944 0.06170370562303173 68
1780538470921 0.061215437049913175 69
1780538479661 0.061145092573268056 70
1780538488642 0.06218126493375249 71
1780538497617 0.06135819916508239 72
1780538506442 0.061049473996234074 73
1780538515446 0.06050125475001471 74
1780538524128 0.060711026718275614 75
1780538533679 0.06014848277759591 76
1780538542815 0.060474473270372 77
1780538551854 0.06013473595555336 78
1780538561101 0.0599161752663813 79
1780538569768 0.05988110474043751 80
1780538578964 0.05960049174399176 81
1780538588023 0.05923608141390654 82
1780538596866 0.059212273590502754 83
1780538605938 0.05919147983865221 84
1780538614700 0.05871628293393832 85
