1780537861317 0.05330122262239456 1
1780537870473 0.0529659166932106 2
1780537879170 0.05258027836680412 3
1780537888220 0.04869610443711281 4
1780537896913 0.0465824268758297 5
1780537905957 0.04560090973973274 6
1780537915071 0.04522521793842316 7
1780537923706 0.04500288888812065 8
1780537932747 0.04431987553834915 9
1780537941966 0.04471031576395035 10
1780537950921 0.043684326112270355 11
1780537960008 0.043589264154434204 12
1780537968692 0.04313679412007332 13
1780537978005 0.043135542422533035 14
1780537986912 0.04293114319443703 15
1780537995540 0.04255960136651993 16
1780538004461 0.0420692078769207 17
1780538013398 0.04250260069966316 18
1780538022103 0.04183334484696388 19
1780538031104 0.04217404127120972 20
1780538039818 0.04158326983451843 21
1780538048763 0.04136384278535843 22
1780538057885 0.0409710630774498 23
1780538066806 0.040915597230196 24
1780538075962 0.041313961148262024 25
1780538084695 0.04143659025430679 26
1780538093603 0.04074053093791008 27
1780538102682 0.04061267524957657 28
1780538111270 0.040661320090293884 29
1780538120122 0.04066869616508484 30
1780538128906 0.040346235036849976 31
1780538137734 0.040426261723041534 32
1780538146920 0.04027576372027397 33
1780538155759 0.03988245502114296 34
1780538164750 0.04004913195967674 35
1780538173628 0.039478398859500885 36
1780538182767 0.03962686285376549 37
1780538192029 0.039799369871616364 38
1780538201023 0.0389120914041996 39
1780538210078 0.03962016478180885 40
1780538218786 0.039098091423511505 41
1780538228126 0.039001282304525375 42
1780538237325 0.03862857073545456 43
1780538246133 0.0385969877243042 44
1780538255166 0.038251593708992004 45
1780538264071 0.03850740194320679 46
1780538273103 0.039262134581804276 47
1780538282220 0.037964995950460434 48
1780538291015 0.03866850584745407 49
1780538300261 0.037909116595983505 50
1780538309096 0.038207776844501495 51
1780538318438 0.03818657621741295 52
1780538327321 0.037902798503637314 53
1780538335969 0.03753620386123657 54
1780538344866 0.03796706348657608 55
1780538353677 0.03782790154218674 56
1780538362590 0.03788764029741287 57
1780538371670 0.03757421299815178 58
1780538380491 0.03819193318486214 59
1780538389521 0.03748520463705063 60
1780538398367 0.037588659673929214 61
1780538407510 0.037982407957315445 62
1780538416528 0.03780604898929596 63
1780538425795 0.03782683238387108 64
1780538434967 0.03736172616481781 65
1780538444025 0.037044353783130646 66
1780538453144 0.03772194683551788 67
1780538461944 0.037075601518154144 68
1780538470921 0.03659942001104355 69
1780538479661 0.03668045625090599 70
1780538488642 0.03808113932609558 71
1780538497617 0.03715525567531586 72
1780538506442 0.03731776028871536 73
1780538515446 0.03705509379506111 74
1780538524128 0.037193331867456436 75
1780538533679 0.037438251078128815 76
1780538542815 0.036358028650283813 77
1780538551854 0.03704081103205681 78
1780538561101 0.03689754754304886 79
1780538569768 0.037127867341041565 80
1780538578964 0.03652256354689598 81
1780538588023 0.03596513718366623 82
1780538596866 0.03611987456679344 83
1780538605938 0.03646315634250641 84
1780538614700 0.03578156232833862 85
