1780537861317 -0.0012047187192365527 1
1780537870473 0.0011352497385814786 2
1780537879170 -0.002610465046018362 3
1780537888220 0.00601608632132411 4
1780537896913 0.003912597894668579 5
1780537905957 -0.0007693540537729859 6
1780537915071 0.0038301502354443073 7
1780537923706 0.004910576157271862 8
1780537932747 -0.0006210631690919399 9
1780537941966 0.0028643598780035973 10
1780537950921 -0.0034696655347943306 11
1780537960008 0.004498583730310202 12
1780537968692 -0.0033753516618162394 13
1780537978005 0.0004398208693601191 14
1780537986912 -0.00016633399354759604 15
1780537995540 0.0025122812949121 16
1780538004461 0.0013929193373769522 17
1780538013398 0.0005608211504295468 18
1780538022103 0.0020826132968068123 19
1780538031104 -0.0016386433271691203 20
1780538039818 0.004451530519872904 21
1780538048763 0.002615802688524127 22
1780538057885 0.0006987295346334577 23
1780538066806 0.0029655685648322105 24
1780538075962 0.0033080936409533024 25
1780538084695 0.007499423809349537 26
1780538093603 -0.0023330410476773977 27
1780538102682 -0.003846455365419388 28
1780538111270 0.002809018362313509 29
1780538120122 0.0006419678684324026 30
1780538128906 0.002130810171365738 31
1780538137734 0.005145876668393612 32
1780538146920 -0.00111809850204736 33
1780538155759 -0.00100112019572407 34
1780538164750 0.003565741004422307 35
1780538173628 -0.0003638537600636482 36
1780538182767 0.003088755998760462 37
1780538192029 -0.0013903954531997442 38
1780538201023 0.0003580493212211877 39
1780538210078 -0.004359177779406309 40
1780538218786 -4.6927252697059885e-05 41
1780538228126 -0.0005793340387754142 42
1780538237325 -0.0004091697628609836 43
1780538246133 -0.0009905191836878657 44
1780538255166 -0.00022264764993451536 45
1780538264071 -1.4221208402886987e-05 46
1780538273103 -0.0030417924281209707 47
1780538282220 -0.0008324402151629329 48
1780538291015 0.002093627816066146 49
1780538300261 -0.0018405448645353317 50
1780538309096 0.0024174456484615803 51
1780538318438 0.0001259928394574672 52
1780538327321 0.0011526421876624227 53
1780538335969 0.0037124089431017637 54
1780538344866 0.0029529898893088102 55
1780538353677 -0.0015141675248742104 56
1780538362590 0.003392065642401576 57
1780538371670 -0.0012716773198917508 58
1780538380491 0.0031572722364217043 59
1780538389521 -0.004926764871925116 60
1780538398367 0.0019592735916376114 61
1780538407510 0.00032808221294544637 62
1780538416528 0.002236700849607587 63
1780538425795 0.0010767224011942744 64
1780538434967 -0.0007683669682592154 65
1780538444025 -0.0027598824817687273 66
1780538453144 0.0036526683252304792 67
1780538461944 4.2933275835821405e-05 68
1780538470921 0.00015045498730614781 69
1780538479661 0.0005872711190022528 70
1780538488642 -0.002446169266477227 71
1780538497617 0.0032673082314431667 72
1780538506442 0.004335018806159496 73
1780538515446 -0.0022242774721235037 74
1780538524128 -0.003670069621875882 75
1780538533679 0.0013957645278424025 76
1780538542815 -0.0013490389101207256 77
1780538551854 -0.00014982681022956967 78
1780538561101 0.0012939118314534426 79
1780538569768 -0.0018033265369012952 80
1780538578964 0.0005398996290750802 81
1780538588023 -0.0005135642713867128 82
1780538596866 -0.00014295482833404094 83
1780538605938 0.0009687955025583506 84
1780538614700 -0.0010834740241989493 85
