1780537861317 0.03339766710996628 1
1780537870473 0.03407910466194153 2
1780537879170 0.03212877735495567 3
1780537888220 0.029461337253451347 4
1780537896913 0.025757061317563057 5
1780537905957 0.025332199409604073 6
1780537915071 0.02434946969151497 7
1780537923706 0.024405332282185555 8
1780537932747 0.023846382275223732 9
1780537941966 0.02394879423081875 10
1780537950921 0.02339278720319271 11
1780537960008 0.023381557315587997 12
1780537968692 0.023118680343031883 13
1780537978005 0.022737665101885796 14
1780537986912 0.022518353536725044 15
1780537995540 0.022490989416837692 16
1780538004461 0.02231190912425518 17
1780538013398 0.02236800640821457 18
1780538022103 0.022082915529608727 19
1780538031104 0.022784369066357613 20
1780538039818 0.02235226333141327 21
1780538048763 0.021883370354771614 22
1780538057885 0.02182343788444996 23
1780538066806 0.02197352796792984 24
1780538075962 0.021988438442349434 25
1780538084695 0.02243640087544918 26
1780538093603 0.02179013006389141 27
1780538102682 0.02218262106180191 28
1780538111270 0.021744051948189735 29
1780538120122 0.021737882867455482 30
1780538128906 0.02137429639697075 31
1780538137734 0.021672461181879044 32
1780538146920 0.021536458283662796 33
1780538155759 0.021287763491272926 34
1780538164750 0.021312082186341286 35
1780538173628 0.021014045923948288 36
1780538182767 0.021094582974910736 37
1780538192029 0.021499106660485268 38
1780538201023 0.020887386053800583 39
1780538210078 0.021322615444660187 40
1780538218786 0.020918434485793114 41
1780538228126 0.0211618822067976 42
1780538237325 0.02073519118130207 43
1780538246133 0.020998548716306686 44
1780538255166 0.020652558654546738 45
1780538264071 0.021138787269592285 46
1780538273103 0.021064190194010735 47
1780538282220 0.020719124004244804 48
1780538291015 0.021125242114067078 49
1780538300261 0.020678473636507988 50
1780538309096 0.020909378305077553 51
1780538318438 0.020576097071170807 52
1780538327321 0.020581858232617378 53
1780538335969 0.02058037370443344 54
1780538344866 0.020788904279470444 55
1780538353677 0.020699722692370415 56
1780538362590 0.020680489018559456 57
1780538371670 0.020508907735347748 58
1780538380491 0.02090155892074108 59
1780538389521 0.020801806822419167 60
1780538398367 0.02041182480752468 61
1780538407510 0.020734990015625954 62
1780538416528 0.02038750797510147 63
1780538425795 0.020790083333849907 64
1780538434967 0.02028890885412693 65
1780538444025 0.02044539526104927 66
1780538453144 0.020555326715111732 67
1780538461944 0.020262761041522026 68
1780538470921 0.02006109058856964 69
1780538479661 0.019998854026198387 70
1780538488642 0.02036897838115692 71
1780538497617 0.020212285220623016 72
1780538506442 0.020365174859762192 73
1780538515446 0.020385589450597763 74
1780538524128 0.02034778706729412 75
1780538533679 0.02014147862792015 76
1780538542815 0.019741004332900047 77
1780538551854 0.01998041942715645 78
1780538561101 0.020239653065800667 79
1780538569768 0.020458227023482323 80
1780538578964 0.020122241228818893 81
1780538588023 0.019705718383193016 82
1780538596866 0.019766131415963173 83
1780538605938 0.01964418590068817 84
1780538614700 0.01960938796401024 85
