1780533953365 0.03425487503409386 1
1780533958347 0.03218618407845497 2
1780533963051 0.03274336829781532 3
1780533967650 0.02906176820397377 4
1780533972222 0.02679951675236225 5
1780533976906 0.025995252653956413 6
1780533981297 0.026239808648824692 7
1780533985664 0.02460569329559803 8
1780533989965 0.0244061890989542 9
1780533994415 0.024418281391263008 10
1780533998628 0.024222858250141144 11
1780534002772 0.02388583868741989 12
1780534006921 0.0238551776856184 13
1780534010982 0.023783870041370392 14
1780534015063 0.023739080876111984 15
1780534019173 0.02370302379131317 16
1780534023307 0.023243922740221024 17
1780534027312 0.02311748079955578 18
1780534031316 0.022920290008187294 19
1780534035335 0.022813059389591217 20
1780534039296 0.023033617064356804 21
1780534043261 0.022426197305321693 22
1780534047119 0.022847766056656837 23
1780534051163 0.022562934085726738 24
1780534055157 0.022725090384483337 25
1780534059130 0.02282116375863552 26
1780534063681 0.022592438384890556 27
1780534068322 0.022436363622546196 28
1780534072839 0.022352728992700577 29
1780534077326 0.02262437716126442 30
1780534081877 0.022152012214064598 31
1780534086512 0.02210770733654499 32
1780534090962 0.022266961634159088 33
1780534095561 0.022274624556303024 34
1780534100052 0.02188277803361416 35
1780534104735 0.021864838898181915 36
1780534109260 0.022636406123638153 37
1780534113768 0.022257745265960693 38
1780534118130 0.022254109382629395 39
1780534122419 0.02192312479019165 40
1780534126615 0.022530006244778633 41
1780534130943 0.021959198638796806 42
1780534135325 0.021704118698835373 43
1780534139646 0.022111957892775536 44
1780534144159 0.021917501464486122 45
1780534148333 0.0221440177410841 46
1780534152119 0.021541941910982132 47
1780534156027 0.021695995703339577 48
1780534159973 0.02195441722869873 49
1780534163851 0.02153228409588337 50
1780534167808 0.02186148427426815 51
1780534171677 0.021592330187559128 52
1780534175672 0.022332988679409027 53
1780534179652 0.021273430436849594 54
1780534183743 0.022145003080368042 55
1780534187848 0.02222396619617939 56
1780534191987 0.02126169018447399 57
1780534195994 0.021357310935854912 58
1780534200103 0.0212875809520483 59
1780534204115 0.021366098895668983 60
1780534208226 0.021365534514188766 61
1780534212116 0.021431773900985718 62
1780534216070 0.021284181624650955 63
1780534219937 0.02194030210375786 64
1780534223880 0.021265903487801552 65
1780534227877 0.021788476034998894 66
1780534231741 0.0210123211145401 67
1780534235824 0.020928043872117996 68
1780534239706 0.02205776982009411 69
1780534243617 0.02134246565401554 70
1780534247573 0.02139810100197792 71
1780534251454 0.02140510454773903 72
1780534255409 0.02148227021098137 73
1780534259331 0.020939979702234268 74
1780534263288 0.021144481375813484 75
1780534267380 0.02107672579586506 76
1780534271273 0.021003197878599167 77
1780534275149 0.021188635379076004 78
1780534279033 0.021226035431027412 79
1780534282931 0.021195245906710625 80
1780534286917 0.020820049569010735 81
1780534290857 0.02082870341837406 82
1780534294777 0.021025868132710457 83
1780534298763 0.02098792977631092 84
1780534302973 0.021174009889364243 85
1780534306929 0.020968347787857056 86
1780534311049 0.020945966243743896 87
1780534315164 0.020979134365916252 88
