1780533953365 0.007311757188290358 1
1780533958347 0.0019162276294082403 2
1780533963051 0.0018220656784251332 3
1780533967650 0.0014360786881297827 4
1780533972222 0.00083189457654953 5
1780533976906 8.60850777826272e-05 6
1780533981297 0.002869846997782588 7
1780533985664 -1.1786192771978676e-05 8
1780533989965 0.0020812966395169497 9
1780533994415 0.0016338343266397715 10
1780533998628 0.0019994580652564764 11
1780534002772 0.002860422246158123 12
1780534006921 0.0011608299100771546 13
1780534010982 0.0045870039612054825 14
1780534015063 0.0005122179281897843 15
1780534019173 -0.0014623897150158882 16
1780534023307 0.003047773614525795 17
1780534027312 -0.002070117276161909 18
1780534031316 0.0018950516823679209 19
1780534035335 0.0018823451828211546 20
1780534039296 0.001884656143374741 21
1780534043261 -0.0007439350010827184 22
1780534047119 0.0030448611360043287 23
1780534051163 0.0028500051703304052 24
1780534055157 0.00141735072247684 25
1780534059130 0.0029465111438184977 26
1780534063681 -0.001161581720225513 27
1780534068322 0.0016967799747362733 28
1780534072839 0.002126010600477457 29
1780534077326 -0.003085019765421748 30
1780534081877 0.0006428349297493696 31
1780534086512 0.0027843345887959003 32
1780534090962 0.002462887903675437 33
1780534095561 0.0006360621773637831 34
1780534100052 -0.0006308588781394064 35
1780534104735 0.0009276811615563929 36
1780534109260 -0.0033284996170550585 37
1780534113768 0.003456986742094159 38
1780534118130 -0.003224469954147935 39
1780534122419 -0.0030952629167586565 40
1780534126615 0.0069136046804487705 41
1780534130943 -0.0008518920512869954 42
1780534135325 -0.0011402638629078865 43
1780534139646 -0.003063124604523182 44
1780534144159 0.0032675783149898052 45
1780534148333 0.0025596891064196825 46
1780534152119 -0.0019229840254411101 47
1780534156027 -0.00017560907872393727 48
1780534159973 -0.0036288329865783453 49
1780534163851 -0.0005163229652680457 50
1780534167808 0.00325233256444335 51
1780534171677 0.0019147817511111498 52
1780534175672 0.003904196200892329 53
1780534179652 -0.00039336856571026146 54
1780534183743 -0.0007544944528490305 55
1780534187848 -0.0058660684153437614 56
1780534191987 -0.0017052977345883846 57
1780534195994 0.0023583858273923397 58
1780534200103 0.0019985204562544823 59
1780534204115 0.0016811538953334093 60
1780534208226 0.0037083555944263935 61
1780534212116 0.0034868153743445873 62
1780534216070 -0.0022106165997684 63
1780534219937 -0.0065820361487567425 64
1780534223880 -0.0016553448513150215 65
1780534227877 0.004873152822256088 66
1780534231741 0.0010306470794603229 67
1780534235824 0.0009096875437535346 68
1780534239706 -0.0031337495893239975 69
1780534243617 -0.002865980612114072 70
1780534247573 -0.0013948304113000631 71
1780534251454 -0.003650109050795436 72
1780534255409 0.005546700209379196 73
1780534259331 -0.0014728676760569215 74
1780534263288 -0.0007680079434067011 75
1780534267380 0.00031776659307070076 76
1780534271273 0.0037249312736094 77
1780534275149 -0.001648838515393436 78
1780534279033 -0.0045301299542188644 79
1780534282931 0.0011689300881698728 80
1780534286917 0.002240049419924617 81
1780534290857 0.0018034199019894004 82
1780534294777 0.0009513514814898372 83
1780534298763 -0.0010088003473356366 84
1780534302973 -0.003356313332915306 85
1780534306929 0.0032506179995834827 86
1780534311049 0.003169337986037135 87
1780534315164 0.004414076916873455 88
