1780533953365 0.19971825767710963 1
1780533958347 0.18975921824368686 2
1780533963051 0.1860524986051235 3
1780533967650 0.1764716241753847 4
1780533972222 0.14660432543166763 5
1780533976906 0.13430140032504848 6
1780533981297 0.12841218406717336 7
1780533985664 0.12475810633937486 8
1780533989965 0.12215179930025731 9
1780533994415 0.11995841485579066 10
1780533998628 0.11828925801935862 11
1780534002772 0.11666101137982647 12
1780534006921 0.11576476620221215 13
1780534010982 0.11408699765668276 14
1780534015063 0.11350269270962472 15
1780534019173 0.11280652001245926 16
1780534023307 0.11139851602159023 17
1780534027312 0.11075448778637244 18
1780534031316 0.10939363676791361 19
1780534035335 0.10888200929005586 20
1780534039296 0.10885302236138758 21
1780534043261 0.10734637948940867 22
1780534047119 0.10664306860644095 23
1780534051163 0.10630077809688523 24
1780534055157 0.10538777006013814 25
1780534059130 0.10520310417895003 26
1780534063681 0.10435583387977412 27
1780534068322 0.10434502406177436 28
1780534072839 0.10321641417415427 29
1780534077326 0.1028407279774244 30
1780534081877 0.1027558184857537 31
1780534086512 0.10212839451700957 32
1780534090962 0.10292292714336847 33
1780534095561 0.10097794304355967 34
1780534100052 0.10080519829408412 35
1780534104735 0.1008162519778787 36
1780534109260 0.0998577282474256 37
1780534113768 0.09973313916961804 38
1780534118130 0.0997710475088328 39
1780534122419 0.09918859403407931 40
1780534126615 0.09884194857845648 41
1780534130943 0.09912178276528874 42
1780534135325 0.09818686831176619 43
1780534139646 0.09829125263153975 44
1780534144159 0.09819951865316696 45
1780534148333 0.09775143539477034 46
1780534152119 0.0978620291954613 47
1780534156027 0.09714776622835065 48
1780534159973 0.09710013463633221 49
1780534163851 0.09668159162872308 50
1780534167808 0.09667021363888884 51
1780534171677 0.09612822024852255 52
1780534175672 0.09605142861834684 53
1780534179652 0.09586128521677345 54
1780534183743 0.09598994496559148 55
1780534187848 0.09591902582130715 56
1780534191987 0.09523674154504347 57
1780534195994 0.09528300765626417 58
1780534200103 0.09476098265411116 59
1780534204115 0.09490431283217053 60
1780534208226 0.09510893905785005 61
1780534212116 0.09523856087574913 62
1780534216070 0.0949522173992993 63
1780534219937 0.09482920236407404 64
1780534223880 0.09487975333990555 65
1780534227877 0.09441671766201526 66
1780534231741 0.09389246728764522 67
1780534235824 0.09363079534663503 68
1780534239706 0.09358544572340484 69
1780534243617 0.0939425400645146 70
1780534247573 0.09317190941214368 71
1780534251454 0.09358143377337971 72
1780534255409 0.09323275334691246 73
1780534259331 0.09384427158802046 74
1780534263288 0.09325641176983362 75
1780534267380 0.09334024071245538 76
1780534271273 0.09330411748937917 77
1780534275149 0.09322711740938945 78
1780534279033 0.09265071515577969 79
1780534282931 0.09319278154791515 80
1780534286917 0.0922268112042539 81
1780534290857 0.09229856252573448 82
1780534294777 0.09221712239903711 83
1780534298763 0.09194934034340271 84
1780534302973 0.09191659930866487 85
1780534306929 0.09214359430171047 86
1780534311049 0.09197807656094177 87
1780534315164 0.09193276394548985 88
