1780533953365 0.05348870903253555 1
1780533958347 0.05279494822025299 2
1780533963051 0.05259104073047638 3
1780533967650 0.049506910145282745 4
1780533972222 0.04716026782989502 5
1780533976906 0.04659949615597725 6
1780533981297 0.046138882637023926 7
1780533985664 0.0450487844645977 8
1780533989965 0.04479974880814552 9
1780533994415 0.04470246285200119 10
1780533998628 0.04483513534069061 11
1780534002772 0.04453534632921219 12
1780534006921 0.04471272975206375 13
1780534010982 0.044415660202503204 14
1780534015063 0.04424814134836197 15
1780534019173 0.044108469039201736 16
1780534023307 0.0438554547727108 17
1780534027312 0.043543823063373566 18
1780534031316 0.0433734655380249 19
1780534035335 0.043260544538497925 20
1780534039296 0.043582044541835785 21
1780534043261 0.042897749692201614 22
1780534047119 0.04321764037013054 23
1780534051163 0.04290193319320679 24
1780534055157 0.043038588017225266 25
1780534059130 0.04305151104927063 26
1780534063681 0.04277339205145836 27
1780534068322 0.04260285198688507 28
1780534072839 0.04271427541971207 29
1780534077326 0.04250069335103035 30
1780534081877 0.042304184287786484 31
1780534086512 0.04229948669672012 32
1780534090962 0.04205474257469177 33
1780534095561 0.04221304506063461 34
1780534100052 0.04168006405234337 35
1780534104735 0.04156988486647606 36
1780534109260 0.04243754222989082 37
1780534113768 0.041868045926094055 38
1780534118130 0.04157514125108719 39
1780534122419 0.04139217361807823 40
1780534126615 0.04192725941538811 41
1780534130943 0.0415131114423275 42
1780534135325 0.04123901203274727 43
1780534139646 0.04131586477160454 44
1780534144159 0.041721608489751816 45
1780534148333 0.04210701584815979 46
1780534152119 0.04101044684648514 47
1780534156027 0.04102015867829323 48
1780534159973 0.04176756739616394 49
1780534163851 0.04093325883150101 50
1780534167808 0.040939874947071075 51
1780534171677 0.04168272018432617 52
1780534175672 0.04159426689147949 53
1780534179652 0.04042503237724304 54
1780534183743 0.04138988256454468 55
1780534187848 0.04119282588362694 56
1780534191987 0.04060228541493416 57
1780534195994 0.040553513914346695 58
1780534200103 0.04065915197134018 59
1780534204115 0.04052568972110748 60
1780534208226 0.04083585366606712 61
1780534212116 0.04090411588549614 62
1780534216070 0.04045294225215912 63
1780534219937 0.040808044373989105 64
1780534223880 0.0404372401535511 65
1780534227877 0.041005104780197144 66
1780534231741 0.04013364389538765 67
1780534235824 0.04013185575604439 68
1780534239706 0.04091954231262207 69
1780534243617 0.04033302515745163 70
1780534247573 0.04045521840453148 71
1780534251454 0.0402408130466938 72
1780534255409 0.04057915136218071 73
1780534259331 0.040005069226026535 74
1780534263288 0.040261875838041306 75
1780534267380 0.04076126217842102 76
1780534271273 0.04028913378715515 77
1780534275149 0.040098901838064194 78
1780534279033 0.0402887724339962 79
1780534282931 0.0410727895796299 80
1780534286917 0.039888136088848114 81
1780534290857 0.039919380098581314 82
1780534294777 0.04043887183070183 83
1780534298763 0.0399085208773613 84
1780534302973 0.0400596521794796 85
1780534306929 0.04045651853084564 86
1780534311049 0.03994392603635788 87
1780534315164 0.03985781967639923 88
