1779919134862 -0.0025217721704393625 1
1779919136528 0.002706371946260333 2
1779919138002 0.0022465488873422146 3
1779919139540 -0.0008306796080432832 4
1779919141012 0.0017564905574545264 5
1779919142513 0.0010312392842024565 6
1779919144025 0.0007770909578539431 7
1779919145594 0.004839519504457712 8
1779919147077 -0.0016571624437347054 9
1779919148533 0.0005325617385096848 10
1779919150046 0.004470948129892349 11
1779919151595 0.0025961212813854218 12
1779919153110 -0.0005305958911776543 13
1779919154626 -0.0002945156011264771 14
1779919156158 -0.002617900026962161 15
1779919157696 0.0012139722239226103 16
1779919159191 0.0010233358480036259 17
1779919160707 -0.0006860793218947947 18
1779919162228 0.0017585812602192163 19
1779919163862 0.003424254013225436 20
1779919165460 0.0021243789233267307 21
1779919167024 0.0037676661740988493 22
1779919168537 0.002537913154810667 23
1779919170045 0.0012815477093681693 24
1779919171589 0.0012542575132101774 25
1779919173142 -0.0019977956544607878 26
1779919174706 0.0030628214590251446 27
1779919176222 0.0027285749092698097 28
1779919177780 0.003659079782664776 29
1779919179312 -0.0015086674829944968 30
1779919180848 -0.0010793533874675632 31
1779919182376 0.0015695514157414436 32
1779919183891 -0.000742643082048744 33
1779919185461 0.000583337910939008 34
1779919187012 -0.00024832444614730775 35
1779919188564 0.00044679356506094337 36
1779919190101 0.001378402579575777 37
1779919191599 0.005143150221556425 38
1779919193091 -0.0019728485494852066 39
1779919194634 0.00019680452533066273 40
1779919196153 -0.0020546824671328068 41
1779919197691 0.0007881767814978957 42
1779919199241 0.0020603539887815714 43
1779919200804 -0.0012506484054028988 44
1779919202350 -0.0003306423604954034 45
1779919203874 0.002955462783575058 46
1779919205434 -0.0018805456347763538 47
1779919206934 0.00028560037026181817 48
1779919208448 0.00010022069182014093 49
1779919210010 -0.002037351718172431 50
1779919211567 -0.0005472882767207921 51
1779919213111 0.001358282519504428 52
1779919214623 0.0004740590520668775 53
1779919216144 2.8403261239873245e-05 54
1779919217679 -0.0012442955048754811 55
1779919219191 7.651719351997599e-05 56
1779919220741 0.0014461789978668094 57
1779919222232 -0.0013422125484794378 58
1779919223764 0.0026387572288513184 59
1779919225303 -0.003253201488405466 60
1779919226835 0.0005020955577492714 61
1779919228397 0.002339630387723446 62
1779919229972 0.0007277944241650403 63
1779919231579 -0.0018078741850331426 64
1779919233119 -0.0005783060914836824 65
1779919234649 9.050111839314923e-05 66
1779919236199 0.0005134856910444796 67
1779919237704 0.0009255600161850452 68
1779919239223 0.0015570701798424125 69
1779919240774 0.0003278491785749793 70
1779919242334 -0.0016252531204372644 71
1779919243881 0.0012447406770661473 72
1779919245375 0.002225853269919753 73
1779919246899 0.0012752136681228876 74
1779919248500 -0.0014600275317206979 75
1779919250045 0.002056413795799017 76
1779919251637 -0.0009371594642288983 77
1779919253184 0.0005438667722046375 78
1779919254837 0.00035785988438874483 79
1779919256373 0.002544492483139038 80
1779919257935 -0.0005671440158039331 81
1779919259469 0.0034635348711162806 82
1779919260998 0.0007074201130308211 83
1779919262537 9.970941027859226e-05 84
1779919264066 0.0031056583393365145 85
1779919265631 0.0021349480375647545 86
1779919267170 0.0017729159444570541 87
1779919268737 0.00010237326932838187 88
1779919270295 -0.0004871083947364241 89
1779919271846 0.00045005776337347925 90
1779919273395 0.0017025363631546497 91
1779919274961 0.0013654902577400208 92
1779919276524 -0.00015435274690389633 93
1779919278060 -0.0006148286629468203 94
1779919279603 0.003348727012053132 95
1779919281128 -0.0002943996514659375 96
1779919282599 -0.00018892572552431375 97
1779919284148 4.0520786569686607e-05 98
1779919285734 0.0011294344440102577 99
1779919287288 0.0016652621561661363 100
