1779919134862 0.16783836381330305 1
1779919136528 0.15470224079103836 2
1779919138002 0.15318151393048363 3
1779919139540 0.15236592255840617 4
1779919141012 0.15153503892096606 5
1779919142513 0.15054833525714795 6
1779919144025 0.1502047020829085 7
1779919145594 0.14962628828592536 8
1779919147077 0.14925371369054494 9
1779919148533 0.14950488990085511 10
1779919150046 0.14854480712045978 11
1779919151595 0.1486722108787413 12
1779919153110 0.1483263253714099 13
1779919154626 0.1478830303986539 14
1779919156158 0.14741155913628165 15
1779919157696 0.14694339788157093 16
1779919159191 0.14610087013605869 17
1779919160707 0.14574644995786598 18
1779919162228 0.14518726272277596 19
1779919163862 0.13777428651972579 20
1779919165460 0.12187173987223097 21
1779919167024 0.10967072612572636 22
1779919168537 0.10433459130036273 23
1779919170045 0.10124357165794398 24
1779919171589 0.09965331590742119 25
1779919173142 0.0983066069521523 26
1779919174706 0.09672315135475032 27
1779919176222 0.09592266510094492 28
1779919177780 0.09510904187259596 29
1779919179312 0.09418564513530941 30
1779919180848 0.0936476807148496 31
1779919182376 0.09328628114883893 32
1779919183891 0.09280213785483489 33
1779919185461 0.09191921329736381 34
1779919187012 0.0916124550990001 35
1779919188564 0.09094453000620048 36
1779919190101 0.09056990077467661 37
1779919191599 0.09079347351776339 38
1779919193091 0.09033577910755292 39
1779919194634 0.08971824417963173 40
1779919196153 0.08963052522052418 41
1779919197691 0.08890762456151408 42
1779919199241 0.08900260446033859 43
1779919200804 0.08805928777482555 44
1779919202350 0.08849454807635838 45
1779919203874 0.08828432795388969 46
1779919205434 0.08756158593272374 47
1779919206934 0.0876055265220072 48
1779919208448 0.08754306768911273 49
1779919210010 0.08715097340383149 50
1779919211567 0.08666008494322293 51
1779919213111 0.08657979381273272 52
1779919214623 0.08637006523359578 53
1779919216144 0.08603777409051404 54
1779919217679 0.0859447406302142 55
1779919219191 0.08603403066636446 56
1779919220741 0.08541618464078457 57
1779919222232 0.08481891103314632 58
1779919223764 0.08498591533541351 59
1779919225303 0.08501864703931428 60
1779919226835 0.08453503619499772 61
1779919228397 0.08436007974233181 62
1779919229972 0.08408376091152184 63
1779919231579 0.08392124544038917 64
1779919233119 0.08414045432916029 65
1779919234649 0.08377886614852044 66
1779919236199 0.08344349553475039 67
1779919237704 0.08317582663302579 68
1779919239223 0.08283218507431755 69
1779919240774 0.08275378328175913 70
1779919242334 0.08314618676613514 71
1779919243881 0.08237261374380962 72
1779919245375 0.08235603801844534 73
1779919246899 0.08213952366396086 74
1779919248500 0.0817912831881979 75
1779919250045 0.08180241712648678 76
1779919251637 0.08147665752564909 77
1779919253184 0.08187328104555772 78
1779919254837 0.08145919535565639 79
1779919256373 0.08125891135210177 80
1779919257935 0.08113938548471317 81
1779919259469 0.08098915809401139 82
1779919260998 0.08116877170346329 83
1779919262537 0.08084523598804619 84
1779919264066 0.0801021182709489 85
1779919265631 0.08006872533315142 86
1779919267170 0.08032641684015591 87
1779919268737 0.08007880814435069 88
1779919270295 0.07974357055320556 89
1779919271846 0.07937689359523048 90
1779919273395 0.07934362218604929 91
1779919274961 0.07939220480518236 92
1779919276524 0.07890363535317836 93
1779919278060 0.07874567660993124 94
1779919279603 0.07888238361880143 95
1779919281128 0.07879742722414414 96
1779919282599 0.07858310230384188 97
1779919284148 0.07879218479654349 98
1779919285734 0.07860628422093129 99
1779919287288 0.07784914722045262 100
