1779919134862 0.07516331225633621 1
1779919136528 0.07484181225299835 2
1779919138002 0.07492204755544662 3
1779919139540 0.07463163882493973 4
1779919141012 0.0746258944272995 5
1779919142513 0.07468651235103607 6
1779919144025 0.07425417006015778 7
1779919145594 0.07458928227424622 8
1779919147077 0.07432681322097778 9
1779919148533 0.07429565489292145 10
1779919150046 0.07434538006782532 11
1779919151595 0.07421612739562988 12
1779919153110 0.07408375293016434 13
1779919154626 0.07420317828655243 14
1779919156158 0.07409174740314484 15
1779919157696 0.07395943254232407 16
1779919159191 0.07395033538341522 17
1779919160707 0.07401125133037567 18
1779919162228 0.07377959042787552 19
1779919163862 0.0727737545967102 20
1779919165460 0.07132478058338165 21
1779919167024 0.07085072994232178 22
1779919168537 0.07058918476104736 23
1779919170045 0.07037380337715149 24
1779919171589 0.07038121670484543 25
1779919173142 0.07018088549375534 26
1779919174706 0.07011348754167557 27
1779919176222 0.0700850561261177 28
1779919177780 0.06998031586408615 29
1779919179312 0.06987880915403366 30
1779919180848 0.06980416178703308 31
1779919182376 0.06978388130664825 32
1779919183891 0.06975644826889038 33
1779919185461 0.06962289661169052 34
1779919187012 0.06957429647445679 35
1779919188564 0.06951084733009338 36
1779919190101 0.0695231705904007 37
1779919191599 0.06987839937210083 38
1779919193091 0.06949490308761597 39
1779919194634 0.06945375353097916 40
1779919196153 0.0693698301911354 41
1779919197691 0.06936699897050858 42
1779919199241 0.06939338147640228 43
1779919200804 0.06928423047065735 44
1779919202350 0.06943032145500183 45
1779919203874 0.06940502673387527 46
1779919205434 0.06934817135334015 47
1779919206934 0.06917306780815125 48
1779919208448 0.06928818672895432 49
1779919210010 0.06934671103954315 50
1779919211567 0.06917411088943481 51
1779919213111 0.06904090195894241 52
1779919214623 0.06905689090490341 53
1779919216144 0.06900656223297119 54
1779919217679 0.06911877542734146 55
1779919219191 0.06915153563022614 56
1779919220741 0.0690019279718399 57
1779919222232 0.06903403252363205 58
1779919223764 0.0691092312335968 59
1779919225303 0.06906842440366745 60
1779919226835 0.06892237067222595 61
1779919228397 0.06886773556470871 62
1779919229972 0.068907730281353 63
1779919231579 0.06895356625318527 64
1779919233119 0.06889361888170242 65
1779919234649 0.06876145303249359 66
1779919236199 0.06872567534446716 67
1779919237704 0.0686979666352272 68
1779919239223 0.06872259080410004 69
1779919240774 0.06867943704128265 70
1779919242334 0.06873252242803574 71
1779919243881 0.06871090829372406 72
1779919245375 0.06862630695104599 73
1779919246899 0.0686420202255249 74
1779919248500 0.06864548474550247 75
1779919250045 0.06872572749853134 76
1779919251637 0.06857577711343765 77
1779919253184 0.06865590810775757 78
1779919254837 0.06852295994758606 79
1779919256373 0.0685771182179451 80
1779919257935 0.06851056963205338 81
1779919259469 0.06856751441955566 82
1779919260998 0.0685635358095169 83
1779919262537 0.06844224035739899 84
1779919264066 0.06851987540721893 85
1779919265631 0.0684177353978157 86
1779919267170 0.0684119388461113 87
1779919268737 0.06847012042999268 88
1779919270295 0.06846237182617188 89
1779919271846 0.06835845857858658 90
1779919273395 0.06834421306848526 91
1779919274961 0.06831758469343185 92
1779919276524 0.0683334469795227 93
1779919278060 0.06829318404197693 94
1779919279603 0.06839772313833237 95
1779919281128 0.06833625584840775 96
1779919282599 0.06843356788158417 97
1779919284148 0.06823570281267166 98
1779919285734 0.06824585795402527 99
1779919287288 0.06823252886533737 100
