1779919134862 0.029204366728663445 1
1779919136528 0.030093103647232056 2
1779919138002 0.030528666451573372 3
1779919139540 0.029089834541082382 4
1779919141012 0.03034079633653164 5
1779919142513 0.02910323441028595 6
1779919144025 0.029322436079382896 7
1779919145594 0.02938583865761757 8
1779919147077 0.029130464419722557 9
1779919148533 0.02881667949259281 10
1779919150046 0.029639702290296555 11
1779919151595 0.029797138646245003 12
1779919153110 0.029042134061455727 13
1779919154626 0.029963230714201927 14
1779919156158 0.02916983887553215 15
1779919157696 0.02884192392230034 16
1779919159191 0.028657041490077972 17
1779919160707 0.028741056099534035 18
1779919162228 0.0288831926882267 19
1779919163862 0.0266993697732687 20
1779919165460 0.02474847063422203 21
1779919167024 0.02417878620326519 22
1779919168537 0.02287054806947708 23
1779919170045 0.022652536630630493 24
1779919171589 0.02245999313890934 25
1779919173142 0.022610465064644814 26
1779919174706 0.02252686396241188 27
1779919176222 0.022273095324635506 28
1779919177780 0.022125840187072754 29
1779919179312 0.022242913022637367 30
1779919180848 0.021750183776021004 31
1779919182376 0.021847760304808617 32
1779919183891 0.021596577018499374 33
1779919185461 0.021961603313684464 34
1779919187012 0.02147354558110237 35
1779919188564 0.021529382094740868 36
1779919190101 0.021353691816329956 37
1779919191599 0.021598471328616142 38
1779919193091 0.021529080346226692 39
1779919194634 0.02142934873700142 40
1779919196153 0.021382978186011314 41
1779919197691 0.02114097587764263 42
1779919199241 0.02107788808643818 43
1779919200804 0.021171394735574722 44
1779919202350 0.021039631217718124 45
1779919203874 0.02112826332449913 46
1779919205434 0.021015530452132225 47
1779919206934 0.020920848473906517 48
1779919208448 0.020908297970891 49
1779919210010 0.02119000442326069 50
1779919211567 0.02120210975408554 51
1779919213111 0.02095085009932518 52
1779919214623 0.020723091438412666 53
1779919216144 0.020802224054932594 54
1779919217679 0.021011827513575554 55
1779919219191 0.02067129872739315 56
1779919220741 0.020833995193243027 57
1779919222232 0.020473482087254524 58
1779919223764 0.020543120801448822 59
1779919225303 0.021024201065301895 60
1779919226835 0.02025449462234974 61
1779919228397 0.02058505080640316 62
1779919229972 0.02072971500456333 63
1779919231579 0.020922057330608368 64
1779919233119 0.020618101581931114 65
1779919234649 0.02027750201523304 66
1779919236199 0.020218178629875183 67
1779919237704 0.020302264019846916 68
1779919239223 0.02014930732548237 69
1779919240774 0.020159179344773293 70
1779919242334 0.020424604415893555 71
1779919243881 0.02004835195839405 72
1779919245375 0.02006649412214756 73
1779919246899 0.02018768899142742 74
1779919248500 0.02016242779791355 75
1779919250045 0.01997961662709713 76
1779919251637 0.020171554759144783 77
1779919253184 0.020158935338258743 78
1779919254837 0.01987394690513611 79
1779919256373 0.020219584926962852 80
1779919257935 0.020162520930171013 81
1779919259469 0.020205756649374962 82
1779919260998 0.019870085641741753 83
1779919262537 0.020129159092903137 84
1779919264066 0.019848618656396866 85
1779919265631 0.019841734319925308 86
1779919267170 0.019710209220647812 87
1779919268737 0.019942857325077057 88
1779919270295 0.019729483872652054 89
1779919271846 0.019596494734287262 90
1779919273395 0.019796768203377724 91
1779919274961 0.019566131755709648 92
1779919276524 0.019798634573817253 93
1779919278060 0.019604584202170372 94
1779919279603 0.019777197390794754 95
1779919281128 0.019516436383128166 96
1779919282599 0.01950164884328842 97
1779919284148 0.019336411729454994 98
1779919285734 0.01940305344760418 99
1779919287288 0.0196040291339159 100
