1780068374698 0.3304076409144583 1
1780068377768 0.31939341050688863 2
1780068380925 0.31701354858865194 3
1780068384109 0.29007166906025644 4
1780068387274 0.2575674738585319 5
1780068390469 0.24612172422083942 6
1780068393734 0.24001517220859045 7
1780068396971 0.2361199078455284 8
1780068400221 0.23173432525475735 9
1780068403536 0.22986411293043144 10
1780068406828 0.22676803665452225 11
1780068410100 0.22407069132047022 12
1780068413276 0.22119240717958447 13
1780068416452 0.22027212009621472 14
1780068419607 0.21799352807613054 15
1780068422844 0.21650913875967454 16
1780068426068 0.21457663828203843 17
1780068429293 0.2133467024385173 18
1780068432493 0.2124784841944501 19
1780068435690 0.212139193740443 20
1780068438857 0.20999003861721677 21
1780068442300 0.2101315785175776 22
1780068445825 0.20911486460246445 23
1780068449360 0.20825485125121052 24
1780068452883 0.20760535324350723 25
1780068456401 0.20690949470686862 26
1780068459931 0.20584071655984157 27
1780068463471 0.20544595978602798 28
1780068467015 0.20497623619960176 29
1780068470414 0.20347538514035196 30
1780068473580 0.2035707325515107 31
1780068476736 0.20231276829323355 32
1780068479916 0.2024411162790738 33
1780068483123 0.20109202556831893 34
1780068486259 0.20125042999175083 35
1780068489424 0.20033514264963143 36
1780068492581 0.19951960051444065 37
1780068495758 0.19926518352257272 38
1780068498950 0.19905151666218837 39
1780068502220 0.19803137549575237 40
1780068505473 0.19773041282880885 41
1780068508752 0.19677303882658356 42
1780068511956 0.196327165974182 43
1780068515252 0.19572736890730597 44
1780068518567 0.19547091007043646 45
1780068521802 0.194765613168226 46
1780068525121 0.19499249150681194 47
1780068528435 0.19441496240601228 48
1780068531647 0.19344177583811398 49
1780068534828 0.19319951452362108 50
1780068537996 0.19180196956839674 51
1780068541167 0.19198525769450953 52
1780068544357 0.19085268385661078 53
1780068547652 0.190968125704164 54
1780068550818 0.19007381901586032 55
1780068553994 0.18959320920970424 56
1780068557184 0.1893641063057469 57
1780068560465 0.18896972733780143 58
1780068563916 0.18909749707667822 59
1780068567449 0.1877239123931899 60
1780068570963 0.18761147030217704 61
1780068574454 0.1873578635570111 62
1780068577974 0.18674974762549107 63
1780068581517 0.18629645447524354 64
1780068585072 0.18582521015128425 65
1780068588573 0.18544738786984197 66
1780068591790 0.18579128053015684 67
1780068595036 0.18480730452919358 68
1780068598248 0.18485440561906227 69
1780068601463 0.18440915851304446 70
1780068604736 0.18369188926814725 71
1780068607928 0.1843855506632217 72
1780068611176 0.18223599177523345 73
1780068614334 0.1826080052973604 74
1780068617492 0.1818521543470926 75
1780068620722 0.1818325870038339 76
1780068623981 0.1817884890571331 77
1780068627245 0.18134695555361077 78
1780068630535 0.18055081034343037 79
1780068633821 0.18077155769690398 80
1780068637108 0.17986458576191808 81
1780068640416 0.18065424243000042 82
1780068643733 0.17971312953257662 83
1780068647013 0.17885850780263512 84
1780068650314 0.17897432340785516 85
1780068653516 0.1784140553963361 86
1780068656699 0.1782493216259283 87
1780068659870 0.1771148665321806 88
1780068662989 0.17787266982597227 89
1780068666195 0.17715727238587042 90
1780068669377 0.17621446514293457 91
1780068672536 0.17658311485393607 92
1780068675704 0.17617173434626981 93
1780068678909 0.1764046076693066 94
1780068682402 0.17547021047005443 95
1780068685896 0.17547287162684738 96
1780068689391 0.17443449132097197 97
1780068692893 0.174470432567357 98
1780068696412 0.17422848602020463 99
1780068699849 0.17479251396800952 100
