1780068374698 0.03212821111083031 1
1780068377768 0.031309954822063446 2
1780068380925 0.030919142067432404 3
1780068384109 0.02746450901031494 4
1780068387274 0.02596614509820938 5
1780068390469 0.024648206308484077 6
1780068393734 0.024571191519498825 7
1780068396971 0.02406410314142704 8
1780068400221 0.02426401898264885 9
1780068403536 0.02399926818907261 10
1780068406828 0.023859351873397827 11
1780068410100 0.022701293230056763 12
1780068413276 0.023017091676592827 13
1780068416452 0.022325795143842697 14
1780068419607 0.022653885185718536 15
1780068422844 0.02236119471490383 16
1780068426068 0.022474605590105057 17
1780068429293 0.0228069256991148 18
1780068432493 0.021914836019277573 19
1780068435690 0.02216063253581524 20
1780068438857 0.022607875987887383 21
1780068442300 0.021676700562238693 22
1780068445825 0.021658064797520638 23
1780068449360 0.021803276613354683 24
1780068452883 0.021407561376690865 25
1780068456401 0.022055992856621742 26
1780068459931 0.02156977728009224 27
1780068463471 0.02150038070976734 28
1780068467015 0.021105065941810608 29
1780068470414 0.02144348807632923 30
1780068473580 0.021258478984236717 31
1780068476736 0.021267259493470192 32
1780068479916 0.02095332182943821 33
1780068483123 0.020903609693050385 34
1780068486259 0.021075597032904625 35
1780068489424 0.020822206512093544 36
1780068492581 0.020882481709122658 37
1780068495758 0.0206762608140707 38
1780068498950 0.020564086735248566 39
1780068502220 0.02050459198653698 40
1780068505473 0.020501496270298958 41
1780068508752 0.020407311618328094 42
1780068511956 0.020253483206033707 43
1780068515252 0.021531842648983 44
1780068518567 0.020232148468494415 45
1780068521802 0.02058570273220539 46
1780068525121 0.020099524408578873 47
1780068528435 0.02032351866364479 48
1780068531647 0.020195046439766884 49
1780068534828 0.02037731558084488 50
1780068537996 0.02012234553694725 51
1780068541167 0.0200493261218071 52
1780068544357 0.01991882547736168 53
1780068547652 0.02103498764336109 54
1780068550818 0.01988520473241806 55
1780068553994 0.019911611452698708 56
1780068557184 0.019844239577651024 57
1780068560465 0.01987244002521038 58
1780068563916 0.019634833559393883 59
1780068567449 0.019513877108693123 60
1780068570963 0.01989954523742199 61
1780068574454 0.01947845332324505 62
1780068577974 0.01979597844183445 63
1780068581517 0.019668549299240112 64
1780068585072 0.019464511424303055 65
1780068588573 0.019537977874279022 66
1780068591790 0.01936975121498108 67
1780068595036 0.01947263441979885 68
1780068598248 0.01964428834617138 69
1780068601463 0.019209163263440132 70
1780068604736 0.01943211443722248 71
1780068607928 0.019800301641225815 72
1780068611176 0.019233660772442818 73
1780068614334 0.01932593248784542 74
1780068617492 0.019629325717687607 75
1780068620722 0.0191921629011631 76
1780068623981 0.018974842503666878 77
1780068627245 0.01917198859155178 78
1780068630535 0.019324710592627525 79
1780068633821 0.019640840590000153 80
1780068637108 0.018727434799075127 81
1780068640416 0.019204936921596527 82
1780068643733 0.018951980397105217 83
1780068647013 0.019136926159262657 84
1780068650314 0.01866619475185871 85
1780068653516 0.01916232518851757 86
1780068656699 0.01858675666153431 87
1780068659870 0.01851026527583599 88
1780068662989 0.018730027601122856 89
1780068666195 0.018520155921578407 90
1780068669377 0.018596159294247627 91
1780068672536 0.01848558522760868 92
1780068675704 0.018594684079289436 93
1780068678909 0.018507257103919983 94
1780068682402 0.018818829208612442 95
1780068685896 0.018360687419772148 96
1780068689391 0.018439052626490593 97
1780068692893 0.018476063385605812 98
1780068696412 0.018433386459946632 99
1780068699849 0.018482446670532227 100
