1780068374698 0.05306915193796158 1
1780068377768 0.0518813356757164 2
1780068380925 0.05221313610672951 3
1780068384109 0.04784609377384186 4
1780068387274 0.04618753492832184 5
1780068390469 0.04517267644405365 6
1780068393734 0.045418888330459595 7
1780068396971 0.04421025514602661 8
1780068400221 0.04478961601853371 9
1780068403536 0.04423070698976517 10
1780068406828 0.04371994733810425 11
1780068410100 0.0430632010102272 12
1780068413276 0.042895443737506866 13
1780068416452 0.04251668602228165 14
1780068419607 0.04291324317455292 15
1780068422844 0.042692795395851135 16
1780068426068 0.042030490934848785 17
1780068429293 0.04213592782616615 18
1780068432493 0.0416230745613575 19
1780068435690 0.041687145829200745 20
1780068438857 0.04220949113368988 21
1780068442300 0.04147043079137802 22
1780068445825 0.041313983500003815 23
1780068449360 0.04169316589832306 24
1780068452883 0.04128032922744751 25
1780068456401 0.04176056757569313 26
1780068459931 0.04124661907553673 27
1780068463471 0.04089736193418503 28
1780068467015 0.041011612862348557 29
1780068470414 0.04122582823038101 30
1780068473580 0.04062333330512047 31
1780068476736 0.04044939950108528 32
1780068479916 0.04010811075568199 33
1780068483123 0.04022737219929695 34
1780068486259 0.04013823717832565 35
1780068489424 0.040113698691129684 36
1780068492581 0.04008782282471657 37
1780068495758 0.04021630808711052 38
1780068498950 0.03998055309057236 39
1780068502220 0.04001098498702049 40
1780068505473 0.03998102620244026 41
1780068508752 0.0397053100168705 42
1780068511956 0.03979885205626488 43
1780068515252 0.04076329618692398 44
1780068518567 0.03964560851454735 45
1780068521802 0.03980076313018799 46
1780068525121 0.03944215551018715 47
1780068528435 0.039262548089027405 48
1780068531647 0.039482783526182175 49
1780068534828 0.0399567112326622 50
1780068537996 0.03892706707119942 51
1780068541167 0.03906300663948059 52
1780068544357 0.03918622434139252 53
1780068547652 0.04032255336642265 54
1780068550818 0.038785964250564575 55
1780068553994 0.03913026675581932 56
1780068557184 0.03849400207400322 57
1780068560465 0.038893748074769974 58
1780068563916 0.03856882080435753 59
1780068567449 0.03851328045129776 60
1780068570963 0.03846399486064911 61
1780068574454 0.03813222795724869 62
1780068577974 0.03817150369286537 63
1780068581517 0.0383155532181263 64
1780068585072 0.03833816945552826 65
1780068588573 0.038290221244096756 66
1780068591790 0.03803105652332306 67
1780068595036 0.0381195954978466 68
1780068598248 0.03825846314430237 69
1780068601463 0.037682533264160156 70
1780068604736 0.03816817328333855 71
1780068607928 0.03838980942964554 72
1780068611176 0.037590883672237396 73
1780068614334 0.03730633854866028 74
1780068617492 0.03783348202705383 75
1780068620722 0.037420179694890976 76
1780068623981 0.03689391538500786 77
1780068627245 0.03731026500463486 78
1780068630535 0.03720555081963539 79
1780068633821 0.03722930699586868 80
1780068637108 0.03642310947179794 81
1780068640416 0.037778306752443314 82
1780068643733 0.03667554631829262 83
1780068647013 0.03697453811764717 84
1780068650314 0.03617554157972336 85
1780068653516 0.03693288192152977 86
1780068656699 0.03600144013762474 87
1780068659870 0.0357632152736187 88
1780068662989 0.03620178624987602 89
1780068666195 0.03580952808260918 90
1780068669377 0.035608429461717606 91
1780068672536 0.03556080162525177 92
1780068675704 0.03560011461377144 93
1780068678909 0.035595666617155075 94
1780068682402 0.03691345080733299 95
1780068685896 0.03564624488353729 96
1780068689391 0.03532673791050911 97
1780068692893 0.03535469248890877 98
1780068696412 0.03581204637885094 99
1780068699849 0.03544018045067787 100
