1780068374698 0.004739881958812475 1
1780068377768 0.0018774255877360702 2
1780068380925 0.005044305697083473 3
1780068384109 0.0005047464510425925 4
1780068387274 -0.004553434904664755 5
1780068390469 -3.029588879144285e-05 6
1780068393734 0.001461582607589662 7
1780068396971 -0.0021648206748068333 8
1780068400221 0.0013220864348113537 9
1780068403536 -0.002179996808990836 10
1780068406828 -0.003388667479157448 11
1780068410100 0.0025813784450292587 12
1780068413276 0.0024813604541122913 13
1780068416452 0.0017716187285259366 14
1780068419607 0.0019453163258731365 15
1780068422844 0.0020029013976454735 16
1780068426068 -0.0026787726674228907 17
1780068429293 0.004968321416527033 18
1780068432493 0.0017054982017725706 19
1780068435690 0.002398960292339325 20
1780068438857 0.0007094620377756655 21
1780068442300 -0.0006774804787710309 22
1780068445825 -0.0015134188579395413 23
1780068449360 0.00510581536218524 24
1780068452883 0.0026044375263154507 25
1780068456401 0.0022783365566283464 26
1780068459931 0.0007730143261142075 27
1780068463471 0.0005734566948376596 28
1780068467015 0.003617553971707821 29
1780068470414 0.0021758368238806725 30
1780068473580 -0.0007987376884557307 31
1780068476736 0.0013794113183394074 32
1780068479916 -8.762891957303509e-05 33
1780068483123 0.0021382428240031004 34
1780068486259 -0.0022805004846304655 35
1780068489424 -0.0011439148802310228 36
1780068492581 -0.002206718549132347 37
1780068495758 0.0007229796028696001 38
1780068498950 0.001280384254641831 39
1780068502220 -0.00020664373005274683 40
1780068505473 0.0006012010853737593 41
1780068508752 0.0021509984508156776 42
1780068511956 0.00012324037379585207 43
1780068515252 0.00838560052216053 44
1780068518567 0.0009714016341604292 45
1780068521802 0.0034019709564745426 46
1780068525121 0.0007352097891271114 47
1780068528435 -0.0026117367669939995 48
1780068531647 0.0014923566486686468 49
1780068534828 0.0012434727977961302 50
1780068537996 -0.0007102914969436824 51
1780068541167 -0.000538905500434339 52
1780068544357 0.00033357503707520664 53
1780068547652 0.003710386576130986 54
1780068550818 0.0017682085745036602 55
1780068553994 0.0015779553214088082 56
1780068557184 0.0013828325318172574 57
1780068560465 0.0008897051448002458 58
1780068563916 0.0007953139138408005 59
1780068567449 0.0008319659973494709 60
1780068570963 0.001541870180517435 61
1780068574454 0.0012090590316802263 62
1780068577974 -0.0007872939459048212 63
1780068581517 -0.0017456819768995047 64
1780068585072 0.0008373265736736357 65
1780068588573 0.002561608562245965 66
1780068591790 0.0014106809394434094 67
1780068595036 -0.00029485890991054475 68
1780068598248 -0.0006592164863832295 69
1780068601463 -0.00015569747483823448 70
1780068604736 0.0002766415127553046 71
1780068607928 0.005087897647172213 72
1780068611176 0.002701590768992901 73
1780068614334 0.0020362890791147947 74
1780068617492 0.0037527454551309347 75
1780068620722 0.00014202608144842088 76
1780068623981 0.0008353118319064379 77
1780068627245 -0.0010337736457586288 78
1780068630535 0.003304786281660199 79
1780068633821 0.004052483476698399 80
1780068637108 0.0007547325803898275 81
1780068640416 0.0011355236638337374 82
1780068643733 -0.0006054584519006312 83
1780068647013 -0.0004047210968565196 84
1780068650314 -0.001408279873430729 85
1780068653516 0.003026039572432637 86
1780068656699 -0.0010521600488573313 87
1780068659870 0.0002196425193687901 88
1780068662989 0.0012378086103126407 89
1780068666195 -0.0007635513902641833 90
1780068669377 -3.4723449061857536e-05 91
1780068672536 0.0010456766467541456 92
1780068675704 0.002108555054292083 93
1780068678909 4.854978033108637e-05 94
1780068682402 0.0026565694715827703 95
1780068685896 0.0009402678697369993 96
1780068689391 -0.00013462253264151514 97
1780068692893 0.0011417435016483068 98
1780068696412 0.0007183275884017348 99
1780068699849 0.00042878882959485054 100
