1780064682973 0.3326170636029879 1
1780064686298 0.32027165464127544 2
1780064689588 0.3187958286567168 3
1780064692822 0.3173147678910804 4
1780064696030 0.3020429870007406 5
1780064699157 0.26403485449625624 6
1780064702371 0.24870767341985764 7
1780064705597 0.24089091307391072 8
1780064708778 0.23482229619682718 9
1780064712157 0.23134731583249998 10
1780064715347 0.2291262651189185 11
1780064718541 0.22629807055406037 12
1780064721999 0.2239681342124435 13
1780064725418 0.2214293190717193 14
1780064728941 0.21900735893158782 15
1780064732383 0.21762830751453846 16
1780064735843 0.21606940322459123 17
1780064739365 0.21542536257815412 18
1780064742903 0.21390153016367372 19
1780064746389 0.21157619651666906 20
1780064749860 0.21072769816374173 21
1780064753036 0.21081925356803938 22
1780064756208 0.20867162566419384 23
1780064759407 0.20858516281049297 24
1780064762599 0.20666496210729596 25
1780064765799 0.20604359976017955 26
1780064769003 0.2048090737525681 27
1780064772206 0.20438104771061882 28
1780064775364 0.20291842966011664 29
1780064778510 0.20262515099116662 30
1780064781784 0.2015552291170109 31
1780064785080 0.2006335891231926 32
1780064788353 0.19944691189405278 33
1780064791645 0.19920619588195648 34
1780064794929 0.19799138573303535 35
1780064798213 0.19821539106946162 36
1780064801529 0.19701991473614036 37
1780064804812 0.19547891954696456 38
1780064808086 0.1949313289346075 39
1780064811357 0.1954638077217857 40
1780064814559 0.19477282210113384 41
1780064817778 0.19417669311417837 42
1780064821051 0.1935685312190343 43
1780064824245 0.19294354370765657 44
1780064827408 0.1916751568117051 45
1780064830582 0.19128776538573664 46
1780064833807 0.19090565859515368 47
1780064837033 0.19043136357347507 48
1780064840321 0.19001111099161758 49
1780064843879 0.18939994674089344 50
1780064847420 0.18954690693863854 51
1780064850930 0.1883849596986685 52
1780064854416 0.1887813371549071 53
1780064857939 0.18783345552314915 54
1780064861471 0.1869334534881735 55
1780064865033 0.18666976525686507 56
1780064868520 0.18678044755381965 57
1780064871797 0.18612736547031059 58
1780064874999 0.1860540786848638 59
1780064878117 0.18603976577299847 60
1780064881319 0.18549181929696942 61
1780064884521 0.18494214792489752 62
1780064887711 0.1844663854302488 63
1780064890877 0.18441580320229994 64
1780064894064 0.1841985676004443 65
1780064897284 0.1831590236257171 66
1780064900487 0.1829705414998229 67
1780064903754 0.18319011157492754 68
1780064907023 0.18274015090556275 69
1780064910267 0.1818726370800247 70
1780064913562 0.18192722632630431 71
1780064916799 0.18123467701308066 72
1780064920086 0.18091799552704013 73
1780064923418 0.18078959865562508 74
1780064926708 0.18001273381533633 75
1780064930054 0.1798168651397334 76
1780064933288 0.17935543039510415 77
1780064936514 0.18102896564795654 78
