1780064682973 0.031950533390045166 1
1780064686298 0.03143319487571716 2
1780064689588 0.03148318827152252 3
1780064692822 0.03086073510348797 4
1780064696030 0.02759285643696785 5
1780064699157 0.02642640471458435 6
1780064702371 0.024632999673485756 7
1780064705597 0.024429747834801674 8
1780064708778 0.02373608574271202 9
1780064712157 0.02403084747493267 10
1780064715347 0.023766497150063515 11
1780064718541 0.023871419951319695 12
1780064721999 0.02332066372036934 13
1780064725418 0.023656725883483887 14
1780064728941 0.022938668727874756 15
1780064732383 0.022731510922312737 16
1780064735843 0.023012690246105194 17
1780064739365 0.0223681703209877 18
1780064742903 0.022082466632127762 19
1780064746389 0.022136835381388664 20
1780064749860 0.021845372393727303 21
1780064753036 0.022122826427221298 22
1780064756208 0.021670546382665634 23
1780064759407 0.021351929754018784 24
1780064762599 0.02158747985959053 25
1780064765799 0.021797511726617813 26
1780064769003 0.021737001836299896 27
1780064772206 0.02117660641670227 28
1780064775364 0.021421261131763458 29
1780064778510 0.02113637700676918 30
1780064781784 0.021624639630317688 31
1780064785080 0.021084601059556007 32
1780064788353 0.02123154141008854 33
1780064791645 0.021243514493107796 34
1780064794929 0.02056523598730564 35
1780064798213 0.020895201712846756 36
1780064801529 0.02071109041571617 37
1780064804812 0.020485306158661842 38
1780064808086 0.02049640752375126 39
1780064811357 0.02044340968132019 40
1780064814559 0.020424071699380875 41
1780064817778 0.020216116681694984 42
1780064821051 0.020593559369444847 43
1780064824245 0.020189790055155754 44
1780064827408 0.020634431391954422 45
1780064830582 0.02001158706843853 46
1780064833807 0.02008485607802868 47
1780064837033 0.019882824271917343 48
1780064840321 0.020040519535541534 49
1780064843879 0.01981489546597004 50
1780064847420 0.019976146519184113 51
1780064850930 0.019719963893294334 52
1780064854416 0.020097723230719566 53
1780064857939 0.020006896927952766 54
1780064861471 0.01979995146393776 55
1780064865033 0.0204025786370039 56
1780064868520 0.01973857544362545 57
1780064871797 0.0195927657186985 58
1780064874999 0.01961585506796837 59
1780064878117 0.019898634403944016 60
1780064881319 0.019411247223615646 61
1780064884521 0.01965034194290638 62
1780064887711 0.019665108993649483 63
1780064890877 0.01968325302004814 64
1780064894064 0.020280752331018448 65
1780064897284 0.01941278763115406 66
1780064900487 0.019446317106485367 67
1780064903754 0.01914745755493641 68
1780064907023 0.01944143697619438 69
1780064910267 0.01902034319937229 70
1780064913562 0.019056063145399094 71
1780064916799 0.018976328894495964 72
1780064920086 0.019334934651851654 73
1780064923418 0.019030004739761353 74
1780064926708 0.019024018198251724 75
1780064930054 0.019065244123339653 76
1780064933288 0.019073959439992905 77
1780064936514 0.018837060779333115 78
