1780064682973 -0.0016210575122386217 1
1780064686298 0.001556510222144425 2
1780064689588 0.0012096271384507418 3
1780064692822 0.0027227255050092936 4
1780064696030 -0.00024321282398886979 5
1780064699157 -0.007196283899247646 6
1780064702371 0.0001497462362749502 7
1780064705597 2.4702390874153934e-05 8
1780064708778 -0.0016461166087538004 9
1780064712157 -0.0002197532739955932 10
1780064715347 0.0015748142031952739 11
1780064718541 0.0021852811332792044 12
1780064721999 -0.002270835917443037 13
1780064725418 0.00012062718451488763 14
1780064728941 0.0012244380777701735 15
1780064732383 0.0018166933441534638 16
1780064735843 -0.004100076854228973 17
1780064739365 0.0033943760208785534 18
1780064742903 0.003684593364596367 19
1780064746389 0.0019450500840321183 20
1780064749860 -0.0004429220571182668 21
1780064753036 -0.002570078242570162 22
1780064756208 -0.0017224904149770737 23
1780064759407 1.5413848814205267e-05 24
1780064762599 0.0005311076529324055 25
1780064765799 -0.0041520134545862675 26
1780064769003 0.0035130144096910954 27
1780064772206 0.0016804991755634546 28
1780064775364 -0.0001779111917130649 29
1780064778510 0.0025266853626817465 30
1780064781784 -0.0013558624777942896 31
1780064785080 0.004611595533788204 32
1780064788353 -0.0007191924378275871 33
1780064791645 -0.0014673933619633317 34
1780064794929 0.0022509752307087183 35
1780064798213 -0.003138831350952387 36
1780064801529 0.001317187212407589 37
1780064804812 0.00025361651205457747 38
1780064808086 0.0004901505308225751 39
1780064811357 0.003350013867020607 40
1780064814559 0.0008996613905765116 41
1780064817778 0.00016974142636172473 42
1780064821051 -0.001352289691567421 43
1780064824245 -0.0017403183737769723 44
1780064827408 -0.002854327205568552 45
1780064830582 -0.0004224762669764459 46
1780064833807 6.643466622335836e-05 47
1780064837033 0.0016996677732095122 48
1780064840321 -0.0026978058740496635 49
1780064843879 0.00045837738434784114 50
1780064847420 0.0008311044657602906 51
1780064850930 -0.0004126517160329968 52
1780064854416 -0.0013242221903055906 53
1780064857939 -0.0012882549781352282 54
1780064861471 0.002066952409222722 55
1780064865033 0.006363046355545521 56
1780064868520 0.00328605598770082 57
1780064871797 0.001998170046135783 58
1780064874999 0.0016644068527966738 59
1780064878117 0.0038791075348854065 60
1780064881319 8.665426867082715e-05 61
1780064884521 0.003101946786046028 62
1780064887711 -0.0025724214501678944 63
1780064890877 0.0004686705069616437 64
1780064894064 -0.00372527283616364 65
1780064897284 0.0019209038000553846 66
1780064900487 -3.12841912091244e-05 67
1780064903754 -2.576559199951589e-05 68
1780064907023 0.0018872986547648907 69
1780064910267 0.0023843874223530293 70
1780064913562 0.0016708022449165583 71
1780064916799 0.000158881870447658 72
1780064920086 -0.0017118473770096898 73
1780064923418 -0.00021650125563610345 74
1780064926708 -0.0013851752737537026 75
1780064930054 0.0021456340327858925 76
1780064933288 0.003211050992831588 77
1780064936514 0.0007318572606891394 78
