1780064682973 0.051979005336761475 1
1780064686298 0.05147922784090042 2
1780064689588 0.05145879462361336 3
1780064692822 0.051717083901166916 4
1780064696030 0.0486796498298645 5
1780064699157 0.04697160795331001 6
1780064702371 0.045788850635290146 7
1780064705597 0.04525960236787796 8
1780064708778 0.04416085034608841 9
1780064712157 0.04434233903884888 10
1780064715347 0.044231779873371124 11
1780064718541 0.043982021510601044 12
1780064721999 0.04316424950957298 13
1780064725418 0.04298590496182442 14
1780064728941 0.04318872094154358 15
1780064732383 0.042749859392642975 16
1780064735843 0.04265507310628891 17
1780064739365 0.04237918183207512 18
1780064742903 0.042027100920677185 19
1780064746389 0.04198559373617172 20
1780064749860 0.04147657752037048 21
1780064753036 0.041217345744371414 22
1780064756208 0.04143505170941353 23
1780064759407 0.04093433544039726 24
1780064762599 0.04140852764248848 25
1780064765799 0.040991611778736115 26
1780064769003 0.041387248784303665 27
1780064772206 0.04069382697343826 28
1780064775364 0.04063365235924721 29
1780064778510 0.04076765850186348 30
1780064781784 0.04093273729085922 31
1780064785080 0.04082384705543518 32
1780064788353 0.04034263268113136 33
1780064791645 0.040386851876974106 34
1780064794929 0.04004238545894623 35
1780064798213 0.04027862101793289 36
1780064801529 0.040261197835206985 37
1780064804812 0.03979067876935005 38
1780064808086 0.04011877626180649 39
1780064811357 0.039795249700546265 40
1780064814559 0.03980104252696037 41
1780064817778 0.03951910138130188 42
1780064821051 0.03978561982512474 43
1780064824245 0.039914101362228394 44
1780064827408 0.03965889662504196 45
1780064830582 0.03912225365638733 46
1780064833807 0.03943396359682083 47
1780064837033 0.03929085657000542 48
1780064840321 0.039161019027233124 49
1780064843879 0.0390506312251091 50
1780064847420 0.038734856992959976 51
1780064850930 0.038967303931713104 52
1780064854416 0.03884432837367058 53
1780064857939 0.038873378187417984 54
1780064861471 0.03849479928612709 55
1780064865033 0.039695996791124344 56
1780064868520 0.039048030972480774 57
1780064871797 0.038367412984371185 58
1780064874999 0.03861268237233162 59
1780064878117 0.03852427378296852 60
1780064881319 0.03808082267642021 61
1780064884521 0.03830995783209801 62
1780064887711 0.03882609307765961 63
1780064890877 0.03839022293686867 64
1780064894064 0.03835538774728775 65
1780064897284 0.03827277570962906 66
1780064900487 0.03845246881246567 67
1780064903754 0.03794493153691292 68
1780064907023 0.03822260722517967 69
1780064910267 0.037451136857271194 70
1780064913562 0.037647899240255356 71
1780064916799 0.03770655021071434 72
1780064920086 0.03752647340297699 73
1780064923418 0.03760634735226631 74
1780064926708 0.03740284591913223 75
1780064930054 0.037407826632261276 76
1780064933288 0.03791340813040733 77
1780064936514 0.03722161799669266 78
