1780057530580 0.03236718475818634 1
1780057596478 0.03218941017985344 2
1780057662984 0.03143485635519028 3
1780057729225 0.0311103668063879 4
1780057795455 0.0323539562523365 5
1780057861741 0.03127381205558777 6
1780057927692 0.031133053824305534 7
1780057993514 0.03141811490058899 8
1780058059486 0.03189244121313095 9
1780058125752 0.030906205996870995 10
1780058192634 0.030661629512906075 11
1780058258632 0.02622056007385254 12
1780058324371 0.024708060547709465 13
1780058390138 0.02462669275701046 14
1780058458503 0.024235829710960388 15
1780058524385 0.023981057107448578 16
1780058590599 0.02392689883708954 17
1780058656426 0.023455293849110603 18
1780058722687 0.023386282846331596 19
1780058788404 0.02322252281010151 20
1780058854245 0.02342202514410019 21
1780058920159 0.022876406088471413 22
1780058985972 0.02277260459959507 23
1780059051696 0.02278684638440609 24
1780059117636 0.022502558305859566 25
1780059183428 0.022570345550775528 26
1780059249206 0.022292790934443474 27
1780059315012 0.022380471229553223 28
1780059380860 0.022466184571385384 29
1780059446915 0.02306310087442398 30
1780059512761 0.022176343947649002 31
1780059578498 0.022023562341928482 32
1780059644387 0.021765539422631264 33
1780059710326 0.022194629535079002 34
1780059775979 0.021801574155688286 35
1780059841961 0.022037070244550705 36
1780059907869 0.022234024479985237 37
1780059973704 0.021460624411702156 38
1780060039733 0.021723192185163498 39
1780060105444 0.02145787887275219 40
1780060171296 0.021521389484405518 41
1780060239231 0.021079842001199722 42
1780060305125 0.02141209878027439 43
1780060370924 0.02112976834177971 44
1780060436854 0.021572180092334747 45
1780060502598 0.021469123661518097 46
1780060568396 0.022155489772558212 47
1780060634079 0.020705481991171837 48
1780060699977 0.02081245370209217 49
1780060765882 0.02048727124929428 50
1780060831685 0.021367864683270454 51
1780060897558 0.021064773201942444 52
1780060963341 0.02163803018629551 53
1780061029364 0.020254196599125862 54
1780061095237 0.020456962287425995 55
1780061161432 0.02102247066795826 56
1780061227429 0.020347177982330322 57
1780061293246 0.020314959809184074 58
1780061360592 0.020481636747717857 59
1780061427023 0.02033808082342148 60
1780061495331 0.020541969686746597 61
1780061561232 0.020387355238199234 62
1780061627340 0.02045261114835739 63
1780061693180 0.020364804193377495 64
1780061760326 0.019880015403032303 65
1780061826612 0.01989743672311306 66
1780061892707 0.019774165004491806 67
1780061958774 0.019774165004491806 68
1780062025756 0.019750092178583145 69
1780062093026 0.020616749301552773 70
1780062159237 0.020131215453147888 71
1780062225529 0.01965879276394844 72
1780062291524 0.020145388320088387 73
1780062358296 0.019968654960393906 74
1780062424270 0.019966091960668564 75
