1780057530580 0.25298354782589394 1
1780057596478 0.240751381798098 2
1780057662984 0.2377568577233127 3
1780057729225 0.23523638230486602 4
1780057795455 0.23419453704583973 5
1780057861741 0.23325533287532738 6
1780057927692 0.2324620362914642 7
1780057993514 0.23171321297926833 8
1780058059486 0.23022042797685427 9
1780058125752 0.22938658000141318 10
1780058192634 0.22772526442532057 11
1780058258632 0.21618092091592622 12
1780058324371 0.18620721648504315 13
1780058390138 0.16697156445830116 14
1780058458503 0.16286655803689493 15
1780058524385 0.16082064220662096 16
1780058590599 0.15841841885926355 17
1780058656426 0.1581713060196686 18
1780058722687 0.15487539481537035 19
1780058788404 0.15438594022494037 20
1780058854245 0.15304082647028988 21
1780058920159 0.15211200399076208 22
1780058985972 0.15084993270625524 23
1780059051696 0.14996801249793165 24
1780059117636 0.14844687941856288 25
1780059183428 0.14785587344216242 26
1780059249206 0.14699982430384226 27
1780059315012 0.146016239608002 28
1780059380860 0.1448509831288652 29
1780059446915 0.1451072984672374 30
1780059512761 0.14405460664352707 31
1780059578498 0.14298558625024418 32
1780059644387 0.1420932766010721 33
1780059710326 0.14168692517230172 34
1780059775979 0.14036708232606063 35
1780059841961 0.13991824213029466 36
1780059907869 0.13997776149506297 37
1780059973704 0.1390599427315511 38
1780060039733 0.13834154490090073 39
1780060105444 0.13776812458265156 40
1780060171296 0.13716613568255312 41
1780060239231 0.1367101518252183 42
1780060305125 0.1361286951303797 43
1780060370924 0.13551215383265539 44
1780060436854 0.1349870425276852 45
1780060502598 0.13553529832882308 46
1780060568396 0.1342974442665723 47
1780060634079 0.13395881865480738 48
1780060699977 0.13359079926607473 49
1780060765882 0.13239995533517754 50
1780060831685 0.1356093745686539 51
1780060897558 0.13217925809591569 52
1780060963341 0.13172813037894746 53
1780061029364 0.1302645269340302 54
1780061095237 0.12981666233114914 55
1780061161432 0.13054666007390486 56
1780061227429 0.1297248215010945 57
1780061293246 0.129562628847285 58
1780061360592 0.12910886516058168 59
1780061427023 0.12965990909735572 60
1780061495331 0.1281441580307282 61
1780061561232 0.12880804727196568 62
1780061627340 0.12879124667345848 63
1780061693180 0.12763161073984228 64
1780061760326 0.12668434345413465 65
1780061826612 0.1256453128606396 66
1780061892707 0.1260677834472621 67
1780061958774 0.125812081242055 68
1780062025756 0.1258645383700193 69
1780062093026 0.1247158561957248 70
1780062159237 0.12451598985045834 71
1780062225529 0.12497922007474914 72
1780062291524 0.12697501403395772 73
1780062358296 0.12744241647312052 74
1780062424270 0.1248476517093358 75
