1780057530580 -0.0026970633771270514 1
1780057596478 -3.053789623663761e-05 2
1780057662984 -0.0029023715760558844 3
1780057729225 -0.0036767050623893738 4
1780057795455 0.004918371327221394 5
1780057861741 -0.001000968157313764 6
1780057927692 -0.0025578311178833246 7
1780057993514 -0.005580460652709007 8
1780058059486 0.007918020710349083 9
1780058125752 -0.0029331757687032223 10
1780058192634 -0.0028828438371419907 11
1780058258632 0.0028098211623728275 12
1780058324371 0.0031393973622471094 13
1780058390138 -0.00391553295776248 14
1780058458503 0.006430814974009991 15
1780058524385 2.0285144273657352e-05 16
1780058590599 -0.0029571237973868847 17
1780058656426 0.0017539233667775989 18
1780058722687 0.0016263369470834732 19
1780058788404 0.00017420820950064808 20
1780058854245 0.0016400387976318598 21
1780058920159 0.0011860509403049946 22
1780058985972 -0.0002547596232034266 23
1780059051696 0.003457426093518734 24
1780059117636 0.001190724316984415 25
1780059183428 0.0032753418199718 26
1780059249206 0.001873933942988515 27
1780059315012 -0.0020982869900763035 28
1780059380860 -0.0014706985093653202 29
1780059446915 0.007353708613663912 30
1780059512761 0.0028298497200012207 31
1780059578498 5.439946471597068e-05 32
1780059644387 0.0011891414178535342 33
1780059710326 0.005610297899693251 34
1780059775979 0.0031936578452587128 35
1780059841961 -0.002492012921720743 36
1780059907869 -0.0038291411474347115 37
1780059973704 -0.00027300589135847986 38
1780060039733 -0.002848671982064843 39
1780060105444 0.0017572916112840176 40
1780060171296 0.0038702492602169514 41
1780060239231 0.003004089230671525 42
1780060305125 -0.0020667631179094315 43
1780060370924 -0.0011278296587988734 44
1780060436854 -0.003213983029127121 45
1780060502598 -0.00019484748190734535 46
1780060568396 -0.0005529596237465739 47
1780060634079 0.0007670873892493546 48
1780060699977 0.0022892821580171585 49
1780060765882 -0.00112432730384171 50
1780060831685 -0.0017493318300694227 51
1780060897558 0.0052186562679708 52
1780060963341 0.003122985363006592 53
1780061029364 0.0009761768160387874 54
1780061095237 0.002437880262732506 55
1780061161432 0.004212748259305954 56
1780061227429 0.0006412243819795549 57
1780061293246 -0.0006901894230395555 58
1780061360592 0.0007174701895564795 59
1780061427023 -0.000725102552678436 60
1780061495331 0.005100665148347616 61
1780061561232 0.0008860654779709876 62
1780061627340 -0.0024679943453520536 63
1780061693180 -0.002528990851715207 64
1780061760326 0.001361366710625589 65
1780061826612 0.003061682218685746 66
1780061892707 -0.001212302246131003 67
1780061958774 -0.0017686638748273253 68
1780062025756 -0.0021573747508227825 69
1780062093026 0.0027601481415331364 70
1780062159237 0.004000391811132431 71
1780062225529 0.00018446538888383657 72
1780062291524 0.004803481046110392 73
1780062358296 0.0030552393291145563 74
1780062424270 0.0038752220571041107 75
