1780057530580 0.05143146961927414 1
1780057596478 0.05101405084133148 2
1780057662984 0.050926052033901215 3
1780057729225 0.05053373798727989 4
1780057795455 0.0505991205573082 5
1780057861741 0.05084212124347687 6
1780057927692 0.050511229783296585 7
1780057993514 0.05060294643044472 8
1780058059486 0.05249730125069618 9
1780058125752 0.049998752772808075 10
1780058192634 0.049786526709795 11
1780058258632 0.04623428359627724 12
1780058324371 0.04494764655828476 13
1780058390138 0.0441482849419117 14
1780058458503 0.044210728257894516 15
1780058524385 0.04397587478160858 16
1780058590599 0.04342542961239815 17
1780058656426 0.04291154444217682 18
1780058722687 0.04265381023287773 19
1780058788404 0.041842348873615265 20
1780058854245 0.04258009418845177 21
1780058920159 0.041727274656295776 22
1780058985972 0.04146690294146538 23
1780059051696 0.04227184131741524 24
1780059117636 0.04105804115533829 25
1780059183428 0.04130300134420395 26
1780059249206 0.04096876457333565 27
1780059315012 0.040798041969537735 28
1780059380860 0.04097767174243927 29
1780059446915 0.04160742089152336 30
1780059512761 0.0408967100083828 31
1780059578498 0.04059014841914177 32
1780059644387 0.040233299136161804 33
1780059710326 0.04232541471719742 34
1780059775979 0.04005122929811478 35
1780059841961 0.04051942378282547 36
1780059907869 0.040425799787044525 37
1780059973704 0.03956233710050583 38
1780060039733 0.039553891867399216 39
1780060105444 0.039781611412763596 40
1780060171296 0.040196239948272705 41
1780060239231 0.040552329272031784 42
1780060305125 0.03905273973941803 43
1780060370924 0.03945669159293175 44
1780060436854 0.039596572518348694 45
1780060502598 0.039647556841373444 46
1780060568396 0.04112377390265465 47
1780060634079 0.03913167119026184 48
1780060699977 0.038923364132642746 49
1780060765882 0.038706984370946884 50
1780060831685 0.03945470601320267 51
1780060897558 0.038854774087667465 52
1780060963341 0.039534348994493484 53
1780061029364 0.03810294717550278 54
1780061095237 0.03913203254342079 55
1780061161432 0.03817777708172798 56
1780061227429 0.03879644349217415 57
1780061293246 0.03803245350718498 58
1780061360592 0.03902024030685425 59
1780061427023 0.03788943961262703 60
1780061495331 0.03899238258600235 61
1780061561232 0.038673147559165955 62
1780061627340 0.03906113654375076 63
1780061693180 0.038528017699718475 64
1780061760326 0.03706572949886322 65
1780061826612 0.038089364767074585 66
1780061892707 0.03721366450190544 67
1780061958774 0.03732150420546532 68
1780062025756 0.036881931126117706 69
1780062093026 0.03832953795790672 70
1780062159237 0.03758803382515907 71
1780062225529 0.03682031109929085 72
1780062291524 0.03778838738799095 73
1780062358296 0.037055473774671555 74
1780062424270 0.03853164240717888 75
