1779921915067 0.22104470304549562 1
1779921919967 0.19624855482217038 2
1779921924848 0.15817558029589573 3
1779921929844 0.14674441766804572 4
1779921934966 0.14195149048095565 5
1779921940099 0.13764673546880238 6
1779921945142 0.1358396187937785 7
1779921950513 0.13360167247533142 8
1779921955674 0.13170389972688737 9
1779921960587 0.1307608726493419 10
1779921965594 0.12902876594137225 11
1779921970548 0.12774627900505361 12
1779921975381 0.12714963908161014 13
1779921980260 0.1258821258983336 14
1779921985288 0.12495432636564592 15
1779921990340 0.12382020219421584 16
1779921995291 0.12337546902336693 17
1779922000197 0.12203374514792412 18
1779922005229 0.12177644362134382 19
1779922010139 0.12038685110995428 20
1779922015375 0.11987068408653756 21
1779922020824 0.11931050835131121 22
1779922025920 0.11937115275231767 23
1779922031051 0.11893444881869414 24
1779922035891 0.11882187385553335 25
1779922041237 0.11722058714072402 26
1779922046269 0.11749658203547815 27
1779922051262 0.11640829171154125 28
1779922056373 0.1160680751724184 29
1779922061479 0.11563873303330634 30
1779922066528 0.11505568211195226 31
1779922071772 0.11494473310459416 32
1779922077390 0.11362753418009965 33
1779922082656 0.11379757565612963 34
1779922087675 0.11339039238523846 35
1779922092858 0.1128860546106642 36
1779922097899 0.11245373782724881 37
1779922103281 0.11147689779825283 38
1779922108322 0.1112533322440527 39
1779922113690 0.11073869499621641 40
