1779921915067 0.031384874135255814 1
1779921919967 0.029080379754304886 2
1779921924848 0.023779302835464478 3
1779921929844 0.02383377216756344 4
1779921934966 0.02227817289531231 5
1779921940099 0.02267003059387207 6
1779921945142 0.0215802863240242 7
1779921950513 0.021184202283620834 8
1779921955674 0.021125229075551033 9
1779921960587 0.020709767937660217 10
1779921965594 0.020890604704618454 11
1779921970548 0.02090466581285 12
1779921975381 0.020536398515105247 13
1779921980260 0.021409576758742332 14
1779921985288 0.020602688193321228 15
1779921990340 0.020259428769350052 16
1779921995291 0.02063712477684021 17
1779922000197 0.020039083436131477 18
1779922005229 0.019579453393816948 19
1779922010139 0.020007148385047913 20
1779922015375 0.01936471275985241 21
1779922020824 0.019743451848626137 22
1779922025920 0.019863463938236237 23
1779922031051 0.020007304847240448 24
1779922035891 0.019971925765275955 25
1779922041237 0.01941153034567833 26
1779922046269 0.019580360502004623 27
1779922051262 0.0192137211561203 28
1779922056373 0.019362226128578186 29
1779922061479 0.019675221294164658 30
1779922066528 0.019154777750372887 31
1779922071772 0.019256344065070152 32
1779922077390 0.01889173686504364 33
1779922082656 0.018994463607668877 34
1779922087675 0.018874702975153923 35
1779922092858 0.018777627497911453 36
1779922097899 0.01855955459177494 37
1779922103281 0.018975822255015373 38
1779922108322 0.018558604642748833 39
1779922113690 0.01864183321595192 40
