1779921915067 0.004673895426094532 1
1779921919967 0.00342472642660141 2
1779921924848 0.0037624367978423834 3
1779921929844 0.009025407955050468 4
1779921934966 -0.00041509143193252385 5
1779921940099 0.004100141581147909 6
1779921945142 0.0009852687362581491 7
1779921950513 -0.00035297931754030287 8
1779921955674 0.0014093340141698718 9
1779921960587 -0.0004768998478539288 10
1779921965594 0.00014055501378607005 11
1779921970548 0.0017967981984838843 12
1779921975381 0.003030257998034358 13
1779921980260 0.0037655006162822247 14
1779921985288 -0.0006697270437143743 15
1779921990340 0.0022492522839456797 16
1779921995291 -0.0014202826423570514 17
1779922000197 0.0022315734531730413 18
1779922005229 0.0002599087019916624 19
1779922010139 0.0018883537268266082 20
1779922015375 0.00042005465365946293 21
1779922020824 0.0020047095604240894 22
1779922025920 0.000579875661060214 23
1779922031051 0.0043179430067539215 24
1779922035891 0.003725810907781124 25
1779922041237 0.0004036410537082702 26
1779922046269 -0.0032260799780488014 27
1779922051262 -0.0012504019541665912 28
1779922056373 0.004055171273648739 29
1779922061479 0.0025820464361459017 30
1779922066528 0.0019788595382124186 31
1779922071772 0.002945960033684969 32
1779922077390 0.0009437616099603474 33
1779922082656 -0.0009076608694158494 34
1779922087675 -0.00041638119728304446 35
1779922092858 0.000757011235691607 36
1779922097899 0.0016695221420377493 37
1779922103281 0.0015596143202856183 38
1779922108322 0.0007904217345640063 39
1779922113690 -0.0020872836466878653 40
