1779921915067 0.07493218034505844 1
1779921919967 0.0728442519903183 2
1779921924848 0.07107299566268921 3
1779921929844 0.07141242921352386 4
1779921934966 0.07042326033115387 5
1779921940099 0.07037684321403503 6
1779921945142 0.07013585418462753 7
1779921950513 0.06985840946435928 8
1779921955674 0.06989820301532745 9
1779921960587 0.06959246098995209 10
1779921965594 0.0697786957025528 11
1779921970548 0.06973684579133987 12
1779921975381 0.06957094371318817 13
1779921980260 0.0700407475233078 14
1779921985288 0.06949225813150406 15
1779921990340 0.0694948136806488 16
1779921995291 0.06916842609643936 17
1779922000197 0.06903202086687088 18
1779922005229 0.06891606003046036 19
1779922010139 0.06882498413324356 20
1779922015375 0.06866749376058578 21
1779922020824 0.06876352429389954 22
1779922025920 0.068961001932621 23
1779922031051 0.06916036456823349 24
1779922035891 0.0687539130449295 25
1779922041237 0.0687875747680664 26
1779922046269 0.06835167109966278 27
1779922051262 0.06811511516571045 28
1779922056373 0.06800781190395355 29
1779922061479 0.06750249862670898 30
1779922066528 0.0678248181939125 31
1779922071772 0.06728026270866394 32
1779922077390 0.0667002722620964 33
1779922082656 0.06610624492168427 34
1779922087675 0.0660734549164772 35
1779922092858 0.0659024640917778 36
1779922097899 0.06572628021240234 37
1779922103281 0.06604550033807755 38
1779922108322 0.06586098670959473 39
1779922113690 0.0646967738866806 40
