1780536878478 0.03335732966661453 1
1780536894151 0.032772649079561234 2
1780536909697 0.033616453409194946 3
1780536925033 0.02917923592031002 4
1780536940651 0.02552952617406845 5
1780536955984 0.024958785623311996 6
1780536970636 0.025190819054841995 7
1780536985605 0.024049460887908936 8
1780537001121 0.024063190445303917 9
1780537015824 0.023838790133595467 10
1780537031322 0.023682374507188797 11
1780537046994 0.023984014987945557 12
1780537062523 0.023684553802013397 13
1780537078271 0.024156220257282257 14
