1780536878478 0.05379800498485565 1
1780536894151 0.05306478962302208 2
1780536909697 0.053049519658088684 3
1780536925033 0.04899860545992851 4
1780536940651 0.04630637913942337 5
1780536955984 0.045448608696460724 6
1780536970636 0.0452454537153244 7
1780536985605 0.044313594698905945 8
1780537001121 0.04372107982635498 9
1780537015824 0.043801449239254 10
1780537031322 0.043738264590501785 11
1780537046994 0.04365978389978409 12
1780537062523 0.043360140174627304 13
1780537078271 0.04391646757721901 14
