1780536878478 -0.000960080826189369 1
1780536894151 0.0036327028647065163 2
1780536909697 0.00833218265324831 3
1780536925033 -5.8202560467179865e-05 4
1780536940651 0.0015196844469755888 5
1780536955984 0.00015239640197250992 6
1780536970636 0.0024120754096657038 7
1780536985605 -0.002699259901419282 8
1780537001121 0.0020734493155032396 9
1780537015824 0.002015465870499611 10
1780537031322 0.0015703948447480798 11
1780537046994 -0.00010718106932472438 12
1780537062523 -0.0020219169091433287 13
1780537078271 0.0069078607484698296 14
