1780536878478 0.1692813422552073 1
1780536894151 0.1595729122817468 2
1780536909697 0.1555515733085252 3
1780536925033 0.14406764206486344 4
1780536940651 0.11484176402867663 5
1780536955984 0.10582589983310668 6
1780536970636 0.10187383509028451 7
1780536985605 0.09995573320880738 8
1780537001121 0.09735211168334892 9
1780537015824 0.0949326895001843 10
1780537031322 0.09447575907376508 11
1780537046994 0.09169851442621937 12
1780537062523 0.09145203406168231 13
1780537078271 0.09036674951509574 14
