1780540979214 0.0023824276868253946 1
1780540988572 0.000175307912286371 2
1780540997667 0.0016900214832276106 3
1780541006799 -0.0036311226431280375 4
1780541015737 0.0011926933657377958 5
1780541024835 0.005503087770193815 6
1780541033999 -0.00224824296310544 7
1780541044098 0.010481241159141064 8
1780541054113 0.0015774688217788935 9
1780541063234 0.0011641918681561947 10
1780541072375 0.0027513413224369287 11
1780541081424 0.001409930526278913 12
1780541090462 -0.0025144906248897314 13
1780541099713 0.003675243118777871 14
1780541108848 0.001747051370330155 15
1780541117685 0.002274969359859824 16
1780541126922 0.003914902452379465 17
1780541135609 0.0020004375837743282 18
1780541145498 -0.0016260941047221422 19
1780541158449 -0.00041646428871899843 20
1780541169920 -0.0038199243135750294 21
1780541180338 0.009011613205075264 22
1780541190702 0.0002890574687626213 23
1780541201002 0.0018608878599479795 24
1780541211090 0.002673954935744405 25
1780541220796 0.0005705440999008715 26
1780541230117 0.004392203874886036 27
1780541239597 0.002367478795349598 28
1780541249498 -0.0004109310975763947 29
1780541259236 0.0051347934640944 30
1780541269460 -0.0017762330826371908 31
1780541279159 0.0025502052158117294 32
1780541288980 0.0049428450874984264 33
1780541298885 0.003271249821409583 34
1780541308706 0.0015805603470653296 35
1780541318580 0.0004403586790431291 36
1780541328244 0.001221782062202692 37
1780541337666 -0.00016248945030383766 38
1780541346981 0.0015306698624044657 39
1780541356155 0.004657221958041191 40
1780541365007 -0.0018750207964330912 41
1780541374268 0.00048553964006714523 42
1780541383313 0.0015132813714444637 43
1780541392442 -0.005184914916753769 44
1780541401815 0.0004881750501226634 45
1780541411118 0.00012584650539793074 46
1780541420444 7.294826355064288e-05 47
1780541429401 -0.002719887299463153 48
1780541438931 -0.0003219560603611171 49
1780541447880 -0.002075659576803446 50
1780541457121 0.0005912295309826732 51
1780541466367 9.406504432263318e-06 52
1780541475447 0.0023621120490133762 53
1780541484796 -0.0008516770321875811 54
1780541493684 0.003569839522242546 55
1780541503173 -0.001141801243647933 56
1780541513075 -0.0022161894012242556 57
1780541521975 -0.0034657802898436785 58
1780541531101 0.0023342862259596586 59
1780541539906 0.0008457590593025088 60
1780541548963 0.001746756723150611 61
1780541557930 0.0013128509745001793 62
1780541566830 -0.0005433876067399979 63
1780541575915 -0.002745471429079771 64
1780541584554 0.0004641099367290735 65
1780541593501 -4.2707677494036034e-05 66
1780541602260 -0.00086087582167238 67
1780541611180 -0.0023293779231607914 68
1780541620060 -0.0008309008553624153 69
1780541628838 0.0014226771891117096 70
1780541637776 0.002592318458482623 71
1780541646412 0.0027234212029725313 72
1780541655326 -8.690752292750403e-05 73
1780541664305 -0.0009551544208079576 74
1780541673100 -2.8938819014001638e-05 75
1780541682051 0.0016582994721829891 76
1780541690673 -0.001686733914539218 77
1780541699581 0.0009302257094532251 78
1780541708518 6.566300726262853e-05 79
