1780540979214 0.03296422213315964 1
1780540988572 0.029406225308775902 2
1780540997667 0.027805311605334282 3
1780541006799 0.026106063276529312 4
1780541015737 0.02510814182460308 5
1780541024835 0.025056682527065277 6
1780541033999 0.024511391296982765 7
1780541044098 0.02604661136865616 8
1780541054113 0.023603983223438263 9
1780541063234 0.023531340062618256 10
1780541072375 0.023795202374458313 11
1780541081424 0.023264307528734207 12
1780541090462 0.0227231215685606 13
1780541099713 0.022504102438688278 14
1780541108848 0.022630872204899788 15
1780541117685 0.02237052284181118 16
1780541126922 0.02228129282593727 17
1780541135609 0.02196546271443367 18
1780541145498 0.022234467789530754 19
1780541158449 0.021875226870179176 20
1780541169920 0.02230525016784668 21
1780541180338 0.02312188409268856 22
1780541190702 0.02180255390703678 23
1780541201002 0.02185358665883541 24
1780541211090 0.0217591505497694 25
1780541220796 0.021387284621596336 26
1780541230117 0.021528471261262894 27
1780541239597 0.02123742550611496 28
1780541249498 0.0208739060908556 29
1780541259236 0.0216579120606184 30
1780541269460 0.02141009084880352 31
1780541279159 0.02100723795592785 32
1780541288980 0.02117256075143814 33
1780541298885 0.020838474854826927 34
1780541308706 0.02178332954645157 35
1780541318580 0.020893413573503494 36
1780541328244 0.020586160942912102 37
1780541337666 0.02053147554397583 38
1780541346981 0.020436646416783333 39
1780541356155 0.020747020840644836 40
1780541365007 0.020758962258696556 41
1780541374268 0.020475653931498528 42
1780541383313 0.020432893186807632 43
1780541392442 0.020967693999409676 44
1780541401815 0.02036282978951931 45
1780541411118 0.02007138542830944 46
1780541420444 0.02056434564292431 47
1780541429401 0.020465217530727386 48
1780541438931 0.020066211000084877 49
1780541447880 0.020021269097924232 50
1780541457121 0.019908076152205467 51
1780541466367 0.020564081147313118 52
1780541475447 0.020057164132595062 53
1780541484796 0.020054953172802925 54
1780541493684 0.020006263628602028 55
1780541503173 0.020145980641245842 56
1780541513075 0.019994676113128662 57
1780541521975 0.020329764112830162 58
1780541531101 0.01962483860552311 59
1780541539906 0.01975773274898529 60
1780541548963 0.019918134436011314 61
1780541557930 0.019572319462895393 62
1780541566830 0.019643407315015793 63
1780541575915 0.01967569626867771 64
1780541584554 0.019539762288331985 65
1780541593501 0.01954764686524868 66
1780541602260 0.019583500921726227 67
1780541611180 0.020017053931951523 68
1780541620060 0.019387198612093925 69
1780541628838 0.019185658544301987 70
1780541637776 0.019527148455381393 71
1780541646412 0.01940065063536167 72
1780541655326 0.0192545298486948 73
1780541664305 0.019969971850514412 74
1780541673100 0.019087912514805794 75
1780541682051 0.0190849918872118 76
1780541690673 0.019094709306955338 77
1780541699581 0.019099470227956772 78
1780541708518 0.019313348457217216 79
