1780540979214 0.05349058285355568 1
1780540988572 0.050852734595537186 2
1780540997667 0.049012817442417145 3
1780541006799 0.04723748564720154 4
1780541015737 0.04672173410654068 5
1780541024835 0.046361811459064484 6
1780541033999 0.04540551081299782 7
1780541044098 0.046679455786943436 8
1780541054113 0.044898442924022675 9
1780541063234 0.044694215059280396 10
1780541072375 0.04456951096653938 11
1780541081424 0.04421770200133324 12
1780541090462 0.043846048414707184 13
1780541099713 0.04376271739602089 14
1780541108848 0.043761178851127625 15
1780541117685 0.04325306415557861 16
1780541126922 0.04354749619960785 17
1780541135609 0.04316581040620804 18
1780541145498 0.04322284087538719 19
1780541158449 0.04280133545398712 20
1780541169920 0.04327746853232384 21
1780541180338 0.04372111335396767 22
1780541190702 0.04282098263502121 23
1780541201002 0.0425778292119503 24
1780541211090 0.042559485882520676 25
1780541220796 0.04187575727701187 26
1780541230117 0.04182757809758186 27
1780541239597 0.041279617697000504 28
1780541249498 0.04127131775021553 29
1780541259236 0.04174504056572914 30
1780541269460 0.041301459074020386 31
1780541279159 0.04116971790790558 32
1780541288980 0.040726929903030396 33
1780541298885 0.04054959490895271 34
1780541308706 0.04186519235372543 35
1780541318580 0.040392231196165085 36
1780541328244 0.040148794651031494 37
1780541337666 0.0401829294860363 38
1780541346981 0.040646497160196304 39
1780541356155 0.04042377695441246 40
1780541365007 0.0400921069085598 41
1780541374268 0.04035847261548042 42
1780541383313 0.040283069014549255 43
1780541392442 0.04011140018701553 44
1780541401815 0.039765615016222 45
1780541411118 0.0392136313021183 46
1780541420444 0.039728641510009766 47
1780541429401 0.03948623687028885 48
1780541438931 0.03918595239520073 49
1780541447880 0.039333026856184006 50
1780541457121 0.039497315883636475 51
1780541466367 0.03935392573475838 52
1780541475447 0.038607072085142136 53
1780541484796 0.03878648579120636 54
1780541493684 0.03825181722640991 55
1780541503173 0.038247525691986084 56
1780541513075 0.03807246685028076 57
1780541521975 0.0381348542869091 58
1780541531101 0.03811775520443916 59
1780541539906 0.038226332515478134 60
1780541548963 0.037996768951416016 61
1780541557930 0.03814294561743736 62
1780541566830 0.037797532975673676 63
1780541575915 0.03777579963207245 64
1780541584554 0.03782454878091812 65
1780541593501 0.03828633576631546 66
1780541602260 0.03759876638650894 67
1780541611180 0.037733253091573715 68
1780541620060 0.03740956634283066 69
1780541628838 0.03741409629583359 70
1780541637776 0.03729305788874626 71
1780541646412 0.03788837417960167 72
1780541655326 0.03713402524590492 73
1780541664305 0.0392896793782711 74
1780541673100 0.037274643778800964 75
1780541682051 0.037232011556625366 76
1780541690673 0.037775445729494095 77
1780541699581 0.03691699728369713 78
1780541708518 0.03747817501425743 79
