1780540979214 0.3200590015668195 1
1780540988572 0.30312373420748645 2
1780540997667 0.26468759660164964 3
1780541006799 0.23907003606798977 4
1780541015737 0.23024208904232657 5
1780541024835 0.2235470406414531 6
1780541033999 0.21985523685946104 7
1780541044098 0.2154670894073336 8
1780541054113 0.21343086559437427 9
1780541063234 0.21029147884039062 10
1780541072375 0.20747176286023772 11
1780541081424 0.20550314822422597 12
1780541090462 0.20235313299005347 13
1780541099713 0.20132462109592655 14
1780541108848 0.19868411308352682 15
1780541117685 0.19716230197034165 16
1780541126922 0.19596802298612076 17
1780541135609 0.19448931257381952 18
1780541145498 0.19447416918099555 19
1780541158449 0.19274061041256937 20
1780541169920 0.19136805662917084 21
1780541180338 0.19014931694096807 22
1780541190702 0.189603511065511 23
1780541201002 0.18825275805013922 24
1780541211090 0.18773503142774445 25
1780541220796 0.1866434202941814 26
1780541230117 0.18574810083758822 27
1780541239597 0.1848364645065959 28
1780541249498 0.18363784335305494 29
1780541259236 0.18279641412749317 30
1780541269460 0.18288545538675097 31
1780541279159 0.1823209259359455 32
1780541288980 0.1814849443376597 33
1780541298885 0.17975584170035866 34
1780541308706 0.18034925262778875 35
1780541318580 0.17939868389010719 36
1780541328244 0.17900727769158703 37
1780541337666 0.1788714980202705 38
1780541346981 0.1783054837189875 39
1780541356155 0.17845037853107715 40
1780541365007 0.1773676720397149 41
1780541374268 0.17644018411733192 42
1780541383313 0.17639468075249082 43
1780541392442 0.17646309415636557 44
1780541401815 0.17571082894004136 45
1780541411118 0.17565856289321286 46
1780541420444 0.17504149380614367 47
1780541429401 0.1743113325438201 48
1780541438931 0.17408432479218483 49
1780541447880 0.1734576167419226 50
1780541457121 0.17269192507095593 51
1780541466367 0.17300599955694157 52
1780541475447 0.17243697811417422 53
1780541484796 0.1715701074981767 54
1780541493684 0.1712548382380549 55
1780541503173 0.17150442980708 56
1780541513075 0.17067480863811135 57
1780541521975 0.16990902680967224 58
1780541531101 0.16973166518778843 59
1780541539906 0.17019162285289174 60
1780541548963 0.16874581729731455 61
1780541557930 0.16974038148947987 62
1780541566830 0.16900554824103 63
1780541575915 0.16855852437227553 64
1780541584554 0.16772969075570157 65
1780541593501 0.16741047834086284 66
1780541602260 0.16681105159919113 67
1780541611180 0.1667044009501909 68
1780541620060 0.16651250993958536 69
1780541628838 0.16714888293625957 70
1780541637776 0.16584983460187525 71
1780541646412 0.1654613859872814 72
1780541655326 0.16537688757882285 73
1780541664305 0.16461802319382188 74
1780541673100 0.16506615108004632 75
1780541682051 0.1648060825602685 76
1780541690673 0.16399827249693155 77
1780541699581 0.16400134718994316 78
1780541708518 0.16362233399424875 79
