1780064939819 0.0525679886341095 1
1780064943047 0.052238281816244125 2
1780064946296 0.04985152557492256 3
1780064949451 0.047209013253450394 4
1780064952628 0.045342519879341125 5
1780064955860 0.04475758224725723 6
1780064959072 0.044084999710321426 7
1780064962599 0.04380560666322708 8
1780064966072 0.0432698056101799 9
1780064969499 0.04268995672464371 10
1780064972963 0.04320366308093071 11
1780064976482 0.042042624205350876 12
1780064979983 0.04168585315346718 13
1780064983500 0.042510513216257095 14
1780064987046 0.041561808437108994 15
1780064990440 0.04164021089673042 16
1780064993667 0.042849354445934296 17
1780064996955 0.04166027531027794 18
1780065000187 0.04159232974052429 19
1780065003423 0.04216991737484932 20
1780065006633 0.04095359891653061 21
1780065009845 0.04130060598254204 22
1780065013023 0.041089124977588654 23
1780065016229 0.04085977375507355 24
1780065019408 0.04058726131916046 25
1780065022655 0.04146278277039528 26
1780065025884 0.0405888594686985 27
1780065029181 0.04048139974474907 28
1780065032485 0.04072071611881256 29
1780065035777 0.040658675134181976 30
1780065039053 0.04009580984711647 31
1780065042357 0.040352147072553635 32
1780065045662 0.0402192622423172 33
1780065048942 0.03994675353169441 34
1780065052117 0.04039576277136803 35
1780065055322 0.03996831923723221 36
1780065058455 0.03963034972548485 37
1780065061677 0.03978488966822624 38
1780065064912 0.03983223810791969 39
1780065068083 0.03969300538301468 40
1780065071301 0.039431750774383545 41
1780065074464 0.03961513191461563 42
1780065077658 0.03934244066476822 43
1780065080960 0.03915177658200264 44
1780065084496 0.03911769017577171 45
1780065087970 0.03895445913076401 46
1780065091435 0.03889148682355881 47
1780065094942 0.039242520928382874 48
1780065098432 0.03910571709275246 49
1780065101954 0.039386995136737823 50
1780065105413 0.038525961339473724 51
1780065108965 0.038808614015579224 52
1780065112217 0.038814567029476166 53
1780065115406 0.03850183263421059 54
1780065118638 0.038486458361148834 55
1780065121804 0.03807000443339348 56
1780065124975 0.03844960033893585 57
1780065128169 0.03885821998119354 58
1780065131391 0.03884487599134445 59
1780065134609 0.038184650242328644 60
1780065137820 0.037766773253679276 61
1780065141045 0.0381896011531353 62
1780065144326 0.03801124170422554 63
1780065147616 0.03775518015027046 64
1780065150906 0.037919461727142334 65
1780065154185 0.0376574732363224 66
1780065157452 0.0374717190861702 67
1780065160731 0.037805814296007156 68
1780065164040 0.03793814778327942 69
1780065167331 0.03746476396918297 70
1780065170575 0.037190988659858704 71
1780065173810 0.03774431720376015 72
1780065177010 0.03725823387503624 73
1780065180216 0.03746877983212471 74
1780065183440 0.03724849224090576 75
1780065186644 0.03747948259115219 76
1780065189859 0.03709685429930687 77
1780065193049 0.03732239454984665 78
1780065196241 0.03674924373626709 79
1780065199478 0.03736041858792305 80
1780065202962 0.03657744452357292 81
1780065206424 0.03649379685521126 82
1780065209974 0.03669959679245949 83
1780065213524 0.03755766525864601 84
