1780064939819 0.031393662095069885 1
1780064943047 0.03155507892370224 2
1780064946296 0.029362257570028305 3
1780064949451 0.025937559083104134 4
1780064952628 0.025524765253067017 5
1780064955860 0.02417648397386074 6
1780064959072 0.02402547001838684 7
1780064962599 0.023892253637313843 8
1780064966072 0.023493945598602295 9
1780064969499 0.022986073046922684 10
1780064972963 0.02330760657787323 11
1780064976482 0.0225992389023304 12
1780064979983 0.02237529493868351 13
1780064983500 0.022448593750596046 14
1780064987046 0.022170312702655792 15
1780064990440 0.022609509527683258 16
1780064993667 0.022860029712319374 17
1780064996955 0.022577710449695587 18
1780065000187 0.021911416202783585 19
1780065003423 0.02225598692893982 20
1780065006633 0.02158380299806595 21
1780065009845 0.02201484516263008 22
1780065013023 0.021436041221022606 23
1780065016229 0.02150377817451954 24
1780065019408 0.02133745700120926 25
1780065022655 0.02215905301272869 26
1780065025884 0.021040355786681175 27
1780065029181 0.021139636635780334 28
1780065032485 0.021007688716053963 29
1780065035777 0.021166352555155754 30
1780065039053 0.020497215911746025 31
1780065042357 0.020634975284337997 32
1780065045662 0.020558230578899384 33
1780065048942 0.02060452289879322 34
1780065052117 0.02065129205584526 35
1780065055322 0.020749887451529503 36
1780065058455 0.020363491028547287 37
1780065061677 0.020224101841449738 38
1780065064912 0.020553255453705788 39
1780065068083 0.020078083500266075 40
1780065071301 0.02077545039355755 41
1780065074464 0.02005346305668354 42
1780065077658 0.020001385360956192 43
1780065080960 0.0201720017939806 44
1780065084496 0.019736507907509804 45
1780065087970 0.019679373130202293 46
1780065091435 0.019732465967535973 47
1780065094942 0.019850658252835274 48
1780065098432 0.019836170598864555 49
1780065101954 0.019718803465366364 50
1780065105413 0.019521061331033707 51
1780065108965 0.019881881773471832 52
1780065112217 0.019711364060640335 53
1780065115406 0.01981227472424507 54
1780065118638 0.020030908286571503 55
1780065121804 0.019588004797697067 56
1780065124975 0.019462725147604942 57
1780065128169 0.019919026643037796 58
1780065131391 0.01951720379292965 59
1780065134609 0.019820695742964745 60
1780065137820 0.01903618313372135 61
1780065141045 0.019268181174993515 62
1780065144326 0.019489580765366554 63
1780065147616 0.018967298790812492 64
1780065150906 0.01916373148560524 65
1780065154185 0.019327932968735695 66
1780065157452 0.019143536686897278 67
1780065160731 0.01905033364892006 68
1780065164040 0.019806908443570137 69
1780065167331 0.01928296685218811 70
1780065170575 0.018940377980470657 71
1780065173810 0.019203098490834236 72
1780065177010 0.018824761733412743 73
1780065180216 0.01909344457089901 74
1780065183440 0.019172560423612595 75
1780065186644 0.019027013331651688 76
1780065189859 0.01935926079750061 77
1780065193049 0.018518302589654922 78
1780065196241 0.018533965572714806 79
1780065199478 0.018534786999225616 80
1780065202962 0.01864156685769558 81
1780065206424 0.01875726506114006 82
1780065209974 0.01840115897357464 83
1780065213524 0.0186938364058733 84
