1780064939819 0.004341031890362501 1
1780064943047 0.0031616585329174995 2
1780064946296 0.0026388210244476795 3
1780064949451 -0.0035737270954996347 4
1780064952628 0.0034776697866618633 5
1780064955860 -0.001163751119747758 6
1780064959072 0.0018611631821841002 7
1780064962599 0.003013802459463477 8
1780064966072 0.0029177735559642315 9
1780064969499 9.253631287720054e-05 10
1780064972963 0.0026885943952947855 11
1780064976482 0.0015157528687268496 12
1780064979983 -0.0011126009048894048 13
1780064983500 0.00289857923053205 14
1780064987046 -0.0005045424913987517 15
1780064990440 -0.00024293285969179124 16
1780064993667 0.0067510358057916164 17
1780064996955 -0.0011392916785553098 18
1780065000187 0.0032008388079702854 19
1780065003423 0.005376134999096394 20
1780065006633 -0.0004803779302164912 21
1780065009845 -0.0027267979457974434 22
1780065013023 -0.0008959500701166689 23
1780065016229 0.003471880219876766 24
1780065019408 0.0016744042513892055 25
1780065022655 0.005781714338809252 26
1780065025884 0.0030514970421791077 27
1780065029181 0.0004194183275103569 28
1780065032485 0.0014317671302706003 29
1780065035777 0.0035951309837400913 30
1780065039053 0.00017698145529720932 31
1780065042357 0.001118676969781518 32
1780065045662 -0.00022817069839220494 33
1780065048942 0.0011958957184106112 34
1780065052117 -0.0023746162187308073 35
1780065055322 -0.002022033091634512 36
1780065058455 -0.0011052207555621862 37
1780065061677 0.0011839319486171007 38
1780065064912 -0.0016552553279325366 39
1780065068083 0.0031927970703691244 40
1780065071301 -0.00412042997777462 41
1780065074464 0.001088110264390707 42
1780065077658 0.0022012607660144567 43
1780065080960 0.0022768969647586346 44
1780065084496 0.0010003047063946724 45
1780065087970 0.001756133628077805 46
1780065091435 -0.0010397471487522125 47
1780065094942 -0.0022494359873235226 48
1780065098432 0.0027911020442843437 49
1780065101954 0.0016409775707870722 50
1780065105413 0.002481150208041072 51
1780065108965 0.0020184041932225227 52
1780065112217 0.0014884311240166426 53
1780065115406 0.0035444549284875393 54
1780065118638 -0.001941064721904695 55
1780065121804 -0.0021117262076586485 56
1780065124975 0.0009669729042798281 57
1780065128169 0.0011261708568781614 58
1780065131391 0.002313049975782633 59
1780065134609 -0.0011921465629711747 60
1780065137820 -0.0002514820662327111 61
1780065141045 0.00306607480160892 62
1780065144326 0.0030259503982961178 63
1780065147616 0.0009907722705975175 64
1780065150906 -0.0015145990764722228 65
1780065154185 -1.2078667168680113e-05 66
1780065157452 -0.0021778543014079332 67
1780065160731 0.0014667391078546643 68
1780065164040 -0.004899762105196714 69
1780065167331 0.0003442387969698757 70
1780065170575 -0.0014659824082627892 71
1780065173810 0.0008911394397728145 72
1780065177010 -0.000229402314289473 73
1780065180216 -0.0007953624008223414 74
1780065183440 -0.0034848253708332777 75
1780065186644 0.003782559186220169 76
1780065189859 -0.0017629512585699558 77
1780065193049 6.318026862572879e-05 78
1780065196241 0.000660414167214185 79
1780065199478 -0.0003908401122316718 80
1780065202962 -0.00104055879637599 81
1780065206424 -0.0012060673907399178 82
1780065209974 0.0023451547604054213 83
1780065213524 0.0019633774645626545 84
