1780064939819 0.3347052337944382 1
1780064943047 0.324326488010223 2
1780064946296 0.31905165365079996 3
1780064949451 0.2790462966008116 4
1780064952628 0.2556255574615763 5
1780064955860 0.2463826433643226 6
1780064959072 0.24072223057454534 7
1780064962599 0.235885757535507 8
1780064966072 0.23204686624996254 9
1780064969499 0.22817383139506456 10
1780064972963 0.22604300206168762 11
1780064976482 0.22353053823838023 12
1780064979983 0.22179624821053498 13
1780064983500 0.22032797399585394 14
1780064987046 0.2193159427470183 15
1780064990440 0.21807902120447561 16
1780064993667 0.21634401618867294 17
1780064996955 0.21584197083373907 18
1780065000187 0.2145168183422618 19
1780065003423 0.2142035190102666 20
1780065006633 0.21349589246272033 21
1780065009845 0.21185324801797595 22
1780065013023 0.21013433011307778 23
1780065016229 0.2095353155383096 24
1780065019408 0.2094954874358646 25
1780065022655 0.20781335798554895 26
1780065025884 0.20746652551200123 27
1780065029181 0.20556039036296891 28
1780065032485 0.20516400069124352 29
1780065035777 0.20530437363063558 30
1780065039053 0.2035588804971088 31
1780065042357 0.2029550205798028 32
1780065045662 0.20254859878006243 33
1780065048942 0.20201160325560458 34
1780065052117 0.2008208271911482 35
1780065055322 0.2000682110687517 36
1780065058455 0.1989152241758136 37
1780065061677 0.19940508114485106 38
1780065064912 0.19827754801064415 39
1780065068083 0.19717332804240836 40
1780065071301 0.19677754389181198 41
1780065074464 0.19701549174543667 42
1780065077658 0.19624116918343823 43
1780065080960 0.19474960168150213 44
1780065084496 0.19437817290393797 45
1780065087970 0.19403620541536784 46
1780065091435 0.1933589535302642 47
1780065094942 0.19264081915954706 48
1780065098432 0.19305282999735807 49
1780065101954 0.1924654160868416 50
1780065105413 0.19162987219858876 51
1780065108965 0.1911326434234862 52
1780065112217 0.19069822756356972 53
1780065115406 0.18946123271235452 54
1780065118638 0.18951502947203705 55
1780065121804 0.18931390816074092 56
1780065124975 0.19058638455121765 57
1780065128169 0.18803308804934926 58
1780065131391 0.18891240496495562 59
1780065134609 0.1874467504011904 60
1780065137820 0.18717893654870432 61
1780065141045 0.18732732116987036 62
1780065144326 0.18632038645682578 63
1780065147616 0.1866483960229801 64
1780065150906 0.18600504393305387 65
1780065154185 0.1855952267714207 66
1780065157452 0.18505072249513096 67
1780065160731 0.18444187707616208 68
1780065164040 0.18448639438186337 69
1780065167331 0.18379865243369378 70
1780065170575 0.18319480235335941 71
1780065173810 0.1831210357300449 72
1780065177010 0.1836739150259888 73
1780065180216 0.18341076722167762 74
1780065183440 0.18348197566530416 75
1780065186644 0.18221444647609558 76
1780065189859 0.18185922946883307 77
1780065193049 0.18099634390300726 78
1780065196241 0.1809730364391718 79
1780065199478 0.1811695825190423 80
1780065202962 0.18048679166282458 81
1780065206424 0.17984714055036138 82
1780065209974 0.18012923448017737 83
1780065213524 0.17874101470628198 84
