1779922126403 0.030883872881531715 1
1779922128647 0.029528364539146423 2
1779922130656 0.029516473412513733 3
1779922132578 0.026619266718626022 4
1779922134443 0.02520422451198101 5
1779922136494 0.023739296942949295 6
1779922138367 0.023123236373066902 7
1779922140263 0.022862179204821587 8
1779922142101 0.022673754021525383 9
1779922144144 0.022353079169988632 10
1779922146075 0.021753525361418724 11
1779922147895 0.022742217406630516 12
1779922149857 0.021904325112700462 13
1779922151789 0.021615255624055862 14
1779922153645 0.021356884390115738 15
1779922155578 0.022258734330534935 16
1779922157597 0.02168300375342369 17
