1779922126403 0.0038816139567643404 1
1779922128647 0.0016064051305875182 2
1779922130656 0.0021258376073092222 3
1779922132578 0.0062926216050982475 4
1779922134443 0.006413422990590334 5
1779922136494 -9.52546251937747e-05 6
1779922138367 -0.0010952751617878675 7
1779922140263 -0.0014101596316322684 8
1779922142101 -0.0033360717352479696 9
1779922144144 0.0002949752379208803 10
1779922146075 0.0008277297602035105 11
1779922147895 0.0010334914550185204 12
1779922149857 -0.0024530377704650164 13
1779922151789 0.00242788577452302 14
1779922153645 0.003394888248294592 15
1779922155578 -7.844113133614883e-05 16
1779922157597 0.0038928904104977846 17
