1779922126403 0.20834207215479442 1
1779922128647 0.19482362687915236 2
1779922130656 0.18900199373672297 3
1779922132578 0.17053918073793034 4
1779922134443 0.14685617186702216 5
1779922136494 0.13513777061150625 6
1779922138367 0.13153894912901815 7
1779922140263 0.1275745060827051 8
1779922142101 0.12580227888711207 9
1779922144144 0.12455363346488921 10
1779922146075 0.12208104645321657 11
1779922147895 0.12009659213024182 12
1779922149857 0.11983947529570087 13
1779922151789 0.11848241315929445 14
1779922153645 0.11776368160332952 15
1779922155578 0.11624545710427421 16
1779922157597 0.1155780403987392 17
