1779922126403 0.07495405524969101 1
1779922128647 0.07463124394416809 2
1779922130656 0.07384364306926727 3
1779922132578 0.07232514768838882 4
1779922134443 0.07145815342664719 5
1779922136494 0.07106048613786697 6
1779922138367 0.07055974006652832 7
1779922140263 0.07051313668489456 8
1779922142101 0.07035527378320694 9
1779922144144 0.07027482241392136 10
1779922146075 0.07008019089698792 11
1779922147895 0.0704261064529419 12
1779922149857 0.07006796449422836 13
1779922151789 0.07000847905874252 14
1779922153645 0.06996689736843109 15
1779922155578 0.0700111910700798 16
1779922157597 0.06987886130809784 17
