1779920660696 0.007527892477810383 1
1779920668927 0.002267056843265891 2
1779920677434 -0.0018927784403786063 3
1779920685300 0.0008839184883981943 4
1779920693308 -0.00044657595572061837 5
1779920701013 0.004278654232621193 6
1779920708807 -0.00048659657477401197 7
1779920716504 0.0030269292183220387 8
1779920724335 -0.0028729159384965897 9
1779920732177 0.0005044589634053409 10
1779920740175 -0.0015081334859132767 11
1779920747950 0.0014464727137237787 12
1779920755678 0.0029808306135237217 13
1779920763797 -0.0037313196808099747 14
1779920771541 0.00459022494032979 15
1779920779553 0.004108075983822346 16
1779920787418 -0.0005325530073605478 17
1779920795512 -0.0007061178330332041 18
1779920803175 0.0035230836365371943 19
1779920810837 -0.002023252658545971 20
1779920818854 0.004036953207105398 21
1779920826942 -0.004634507466107607 22
1779920835430 -0.00016419972234871238 23
1779920843816 0.001273942762054503 24
1779920851781 -0.00028161436785012484 25
1779920860759 -0.0007343671168200672 26
1779920868586 0.002719634212553501 27
1779920876472 -0.0007924627279862761 28
1779920884107 -0.0012592823477461934 29
1779920891980 -0.004061148036271334 30
1779920899841 0.001796772237867117 31
1779920907573 0.004606790840625763 32
1779920915385 -0.0022172252647578716 33
1779920923088 -0.0002494526852387935 34
1779920930487 0.002902660286054015 35
1779920938003 0.002817160217091441 36
1779920946315 0.0039104134775698185 37
1779920955262 0.00013895504525862634 38
1779920963039 0.0013275539968162775 39
1779920971466 -0.0023282342590391636 40
