1779920660696 0.07604240626096725 1
1779920668927 0.07487818598747253 2
1779920677434 0.07449383288621902 3
1779920685300 0.07075411081314087 4
1779920693308 0.07057955861091614 5
1779920701013 0.07043556869029999 6
1779920708807 0.07057654857635498 7
1779920716504 0.07099225372076035 8
1779920724335 0.07015091180801392 9
1779920732177 0.06994733214378357 10
1779920740175 0.06982506811618805 11
1779920747950 0.06960559636354446 12
1779920755678 0.06986577063798904 13
1779920763797 0.06966505199670792 14
1779920771541 0.0698099285364151 15
1779920779553 0.06993167102336884 16
1779920787418 0.06946540623903275 17
1779920795512 0.06923788040876389 18
1779920803175 0.06938893347978592 19
1779920810837 0.06927912682294846 20
1779920818854 0.06962233781814575 21
1779920826942 0.06941212713718414 22
1779920835430 0.0690343827009201 23
1779920843816 0.06947235018014908 24
1779920851781 0.06901158392429352 25
1779920860759 0.0690663680434227 26
1779920868586 0.06928624212741852 27
1779920876472 0.06916236877441406 28
1779920884107 0.06891000270843506 29
1779920891980 0.06897572427988052 30
1779920899841 0.06865834444761276 31
1779920907573 0.06910976022481918 32
1779920915385 0.06862906366586685 33
1779920923088 0.06858880817890167 34
1779920930487 0.06847669184207916 35
1779920938003 0.06867601722478867 36
1779920946315 0.06857288628816605 37
1779920955262 0.07021033763885498 38
1779920963039 0.06915998458862305 39
1779920971466 0.06860744953155518 40
