1779920660696 0.18938315970715414 1
1779920668927 0.17946913319103647 2
1779920677434 0.17763104730031706 3
1779920685300 0.14650588896710517 4
1779920693308 0.12064317823708386 5
1779920701013 0.11661149670700889 6
1779920708807 0.12084972395589857 7
1779920716504 0.11375611067105587 8
1779920724335 0.11345437624217229 9
1779920732177 0.11118874015394321 10
1779920740175 0.10924530385405892 11
1779920747950 0.10932620593728934 12
1779920755678 0.10790182845590036 13
1779920763797 0.10735126934719808 14
1779920771541 0.10630155528687742 15
1779920779553 0.10570138903750369 16
1779920787418 0.10571706362745979 17
1779920795512 0.10657419914446423 18
1779920803175 0.10348378102867235 19
1779920810837 0.10324697690110232 20
1779920818854 0.10953435891361768 21
1779920826942 0.10292842432076608 22
1779920835430 0.10180368660320592 23
1779920843816 0.10110912064074977 24
1779920851781 0.10137920987794878 25
1779920860759 0.10122566584487427 26
1779920868586 0.10611416268631939 27
1779920876472 0.10081449201838537 28
1779920884107 0.0987307548923187 29
1779920891980 0.09880950522016395 30
1779920899841 0.09833774754659531 31
1779920907573 0.09796267011030975 32
1779920915385 0.09769836174370336 33
1779920923088 0.09619742164455006 34
1779920930487 0.0961259685138615 35
1779920938003 0.09484342959281006 36
1779920946315 0.09445743678399354 37
1779920955262 0.10367542644834388 38
1779920963039 0.1096992263308734 39
1779920971466 0.0986605969414156 40
