1779920660696 0.03194482624530792 1
1779920668927 0.029090367257595062 2
1779920677434 0.02987700141966343 3
1779920685300 0.022797049954533577 4
1779920693308 0.02310023456811905 5
1779920701013 0.022951211780309677 6
1779920708807 0.02239835262298584 7
1779920716504 0.02334507182240486 8
1779920724335 0.022091848775744438 9
1779920732177 0.022854523733258247 10
1779920740175 0.021769929677248 11
1779920747950 0.02116960473358631 12
1779920755678 0.02165939472615719 13
1779920763797 0.021867908537387848 14
1779920771541 0.021051472052931786 15
1779920779553 0.021417437121272087 16
1779920787418 0.02092171087861061 17
1779920795512 0.020807603374123573 18
1779920803175 0.021062754094600677 19
1779920810837 0.020761068910360336 20
1779920818854 0.021185146644711494 21
1779920826942 0.02104053646326065 22
1779920835430 0.02085338719189167 23
1779920843816 0.020602360367774963 24
1779920851781 0.020195506513118744 25
1779920860759 0.019929461181163788 26
1779920868586 0.020950162783265114 27
1779920876472 0.020612800493836403 28
1779920884107 0.019975971430540085 29
1779920891980 0.02032206393778324 30
1779920899841 0.019794531166553497 31
1779920907573 0.020194433629512787 32
1779920915385 0.0199732668697834 33
1779920923088 0.01954183168709278 34
1779920930487 0.019721031188964844 35
1779920938003 0.01968393102288246 36
1779920946315 0.019982604309916496 37
1779920955262 0.022702490910887718 38
1779920963039 0.02034500613808632 39
1779920971466 0.019402915611863136 40
