1780057147180 0.03183014690876007 1
1780057150447 0.03131807968020439 2
1780057153691 0.03160523623228073 3
1780057156936 0.02860141359269619 4
1780057160293 0.025431696325540543 5
1780057163803 0.024264685809612274 6
1780057167302 0.024133866652846336 7
1780057170791 0.023611245676875114 8
1780057174330 0.0233045294880867 9
1780057177858 0.023294197395443916 10
1780057181345 0.023165561258792877 11
1780057184889 0.02278522402048111 12
1780057188431 0.02279038541018963 13
1780057191671 0.02285238541662693 14
1780057194863 0.022926269099116325 15
1780057198082 0.02256191149353981 16
1780057201231 0.02241715043783188 17
1780057204409 0.022161638364195824 18
1780057207575 0.022325482219457626 19
1780057210724 0.023070208728313446 20
1780057213891 0.021685725077986717 21
1780057217123 0.02207578904926777 22
1780057220298 0.022311614826321602 23
1780057223609 0.02152923308312893 24
1780057226914 0.021690675988793373 25
1780057230224 0.021460523828864098 26
1780057233505 0.021484697237610817 27
1780057236773 0.021525735035538673 28
1780057240065 0.022023729979991913 29
1780057243349 0.02134927548468113 30
1780057246662 0.0212925486266613 31
1780057249945 0.02170659601688385 32
1780057253115 0.021651608869433403 33
1780057256307 0.02113812044262886 34
1780057259540 0.020918967202305794 35
1780057262701 0.020883329212665558 36
1780057265893 0.02111273631453514 37
1780057269101 0.020946955308318138 38
1780057272292 0.020566878840327263 39
1780057275502 0.021258797496557236 40
1780057278674 0.021215330809354782 41
1780057282127 0.02080709859728813 42
1780057285609 0.02046055719256401 43
1780057289048 0.022020014002919197 44
1780057292512 0.020685896277427673 45
1780057296025 0.02047303132712841 46
1780057299571 0.02082250826060772 47
1780057303036 0.02119404822587967 48
1780057306481 0.020275015383958817 49
1780057309891 0.020248837769031525 50
1780057313058 0.020800665020942688 51
1780057316223 0.020063137635588646 52
1780057319409 0.020053643733263016 53
1780057322626 0.020182669162750244 54
1780057325796 0.02033844217658043 55
1780057328994 0.02030460350215435 56
1780057332214 0.02013024315237999 57
1780057335371 0.02083764784038067 58
1780057338597 0.019822722300887108 59
1780057341881 0.01986796222627163 60
1780057345110 0.02028535306453705 61
1780057348377 0.020200030878186226 62
1780057351689 0.01987370289862156 63
1780057355004 0.02001228556036949 64
1780057358283 0.01973341405391693 65
1780057361571 0.020839856937527657 66
1780057364863 0.020451731979846954 67
1780057368205 0.019624074921011925 68
1780057371490 0.019859181717038155 69
1780057374736 0.019545642659068108 70
1780057377960 0.019818278029561043 71
1780057381154 0.02015605941414833 72
1780057384376 0.019730867817997932 73
1780057387629 0.019570570439100266 74
1780057390900 0.01961566135287285 75
1780057394120 0.01954859495162964 76
1780057397356 0.019483111798763275 77
1780057400713 0.01916593872010708 78
1780057404213 0.019611842930316925 79
1780057407712 0.01998535357415676 80
1780057411206 0.019309325143694878 81
1780057414701 0.019983956590294838 82
1780057418220 0.019580742344260216 83
1780057421731 0.01986614242196083 84
1780057425216 0.019314980134367943 85
