1780057147180 0.051764823496341705 1
1780057150447 0.051547572016716 2
1780057153691 0.05161275342106819 3
1780057156936 0.04833139106631279 4
1780057160293 0.04527793452143669 5
1780057163803 0.04483937472105026 6
1780057167302 0.04422444477677345 7
1780057170791 0.04367361590266228 8
1780057174330 0.043274279683828354 9
1780057177858 0.04323914647102356 10
1780057181345 0.04331733658909798 11
1780057184889 0.04302659258246422 12
1780057188431 0.04247234761714935 13
1780057191671 0.04231540486216545 14
1780057194863 0.04215082898736 15
1780057198082 0.04218917340040207 16
1780057201231 0.04244394227862358 17
1780057204409 0.04201993718743324 18
1780057207575 0.041949313133955 19
1780057210724 0.04227467253804207 20
1780057213891 0.0413573682308197 21
1780057217123 0.041595589369535446 22
1780057220298 0.041828595101833344 23
1780057223609 0.04131230339407921 24
1780057226914 0.04121248796582222 25
1780057230224 0.04078315198421478 26
1780057233505 0.040904637426137924 27
1780057236773 0.041244782507419586 28
1780057240065 0.04092131182551384 29
1780057243349 0.04063049331307411 30
1780057246662 0.04074150696396828 31
1780057249945 0.040791697800159454 32
1780057253115 0.04104938730597496 33
1780057256307 0.04039624333381653 34
1780057259540 0.04014167934656143 35
1780057262701 0.040357742458581924 36
1780057265893 0.04029732942581177 37
1780057269101 0.040005844086408615 38
1780057272292 0.040020059794187546 39
1780057275502 0.041384827345609665 40
1780057278674 0.04018126428127289 41
1780057282127 0.039939120411872864 42
1780057285609 0.039950307458639145 43
1780057289048 0.0412435457110405 44
1780057292512 0.04027087613940239 45
1780057296025 0.03948504850268364 46
1780057299571 0.04040403291583061 47
1780057303036 0.03988511860370636 48
1780057306481 0.03942244499921799 49
1780057309891 0.03919566795229912 50
1780057313058 0.03965410217642784 51
1780057316223 0.039835527539253235 52
1780057319409 0.03957407549023628 53
1780057322626 0.039855267852544785 54
1780057325796 0.0395614430308342 55
1780057328994 0.03984207659959793 56
1780057332214 0.03983369097113609 57
1780057335371 0.039328012615442276 58
1780057338597 0.03937046602368355 59
1780057341881 0.03933315724134445 60
1780057345110 0.03927839547395706 61
1780057348377 0.039456818252801895 62
1780057351689 0.03891017660498619 63
1780057355004 0.03917489945888519 64
1780057358283 0.038853127509355545 65
1780057361571 0.04025940224528313 66
1780057364863 0.04018118605017662 67
1780057368205 0.03938690200448036 68
1780057371490 0.03934755176305771 69
1780057374736 0.03926656022667885 70
1780057377960 0.03912129998207092 71
1780057381154 0.039820242673158646 72
1780057384376 0.03906716778874397 73
1780057387629 0.039175085723400116 74
1780057390900 0.038891926407814026 75
1780057394120 0.03906763717532158 76
1780057397356 0.038670316338539124 77
1780057400713 0.03855012357234955 78
1780057404213 0.03895208239555359 79
1780057407712 0.038877833634614944 80
1780057411206 0.03871084004640579 81
1780057414701 0.0392925925552845 82
1780057418220 0.038615308701992035 83
1780057421731 0.03930683806538582 84
1780057425216 0.03884813189506531 85
