1780057147180 0.33277323178899715 1
1780057150447 0.32041373140086077 2
1780057153691 0.31584373513437475 3
1780057156936 0.2941962180159057 4
1780057160293 0.2556932860745184 5
1780057163803 0.24232949358243772 6
1780057167302 0.23679078620785637 7
1780057170791 0.23109188688481838 8
1780057174330 0.22787876118439196 9
1780057177858 0.2262270273306027 10
1780057181345 0.2239884923489855 11
1780057184889 0.2226119951500575 12
1780057188431 0.2205567926987533 13
1780057191671 0.21909894123988474 14
1780057194863 0.21849937190402133 15
1780057198082 0.2173367908055132 16
1780057201231 0.2172717349820359 17
1780057204409 0.21511757775479592 18
1780057207575 0.21470096945195571 19
1780057210724 0.21274535809239928 20
1780057213891 0.21176785833928852 21
1780057217123 0.2132141859158401 22
1780057220298 0.21157762799687668 23
1780057223609 0.21026430405030544 24
1780057226914 0.20929439403668015 25
1780057230224 0.21292107318376385 26
1780057233505 0.20701999285004355 27
1780057236773 0.2069777478060309 28
1780057240065 0.20647713647521324 29
1780057243349 0.20623908536882785 30
1780057246662 0.2048452419345021 31
1780057249945 0.20730739873666593 32
1780057253115 0.20587604725241157 33
1780057256307 0.20314284498324858 34
1780057259540 0.20194135049464335 35
1780057262701 0.2021715669138613 36
1780057265893 0.20123216182182505 37
1780057269101 0.20056706991432585 38
1780057272292 0.1997351219471993 39
1780057275502 0.2005676915731289 40
1780057278674 0.19907547427187763 41
1780057282127 0.19918556259374035 42
1780057285609 0.19669259331695121 43
1780057289048 0.19671609007751462 44
1780057292512 0.19855080968670816 45
1780057296025 0.19656101648890695 46
1780057299571 0.19698376939425258 47
1780057303036 0.19560286186903275 48
1780057306481 0.19407020981795692 49
1780057309891 0.1938439006769506 50
1780057313058 0.19600191684026294 51
1780057316223 0.19510176461229364 52
1780057319409 0.1936084746558369 53
1780057322626 0.19390431800995014 54
1780057325796 0.19305251934122586 55
1780057328994 0.19276136326865465 56
1780057332214 0.19104046037471822 57
1780057335371 0.19143696911396738 58
1780057338597 0.1911260004905515 59
1780057341881 0.19785203852436758 60
1780057345110 0.19077374159218646 61
1780057348377 0.18984795777603639 62
1780057351689 0.19021354422729314 63
1780057355004 0.1898528765690125 64
1780057358283 0.19033795132855028 65
1780057361571 0.19194164523268098 66
1780057364863 0.2045515676129444 67
1780057368205 0.19192044549556667 68
1780057371490 0.1890715256286096 69
1780057374736 0.18968372037496425 70
1780057377960 0.19157643411426664 71
1780057381154 0.18737333925562982 72
1780057384376 0.18853627158679367 73
1780057387629 0.1869957169899855 74
1780057390900 0.18741150071202575 75
1780057394120 0.18870519801785277 76
1780057397356 0.1870744421794601 77
1780057400713 0.18628617337497294 78
1780057404213 0.1872047224647147 79
1780057407712 0.18614525562959544 80
1780057411206 0.18810482840614892 81
1780057414701 0.1861151770844142 82
1780057418220 0.1845952569414521 83
1780057421731 0.18569251336551115 84
1780057425216 0.18490075786257396 85
