1780057147180 -0.004464542958885431 1
1780057150447 0.001999339321628213 2
1780057153691 -0.004210588987916708 3
1780057156936 -0.00041067853453569114 4
1780057160293 -0.00011781414650613442 5
1780057163803 -9.296814823755994e-05 6
1780057167302 0.005074538756161928 7
1780057170791 -0.001427781069651246 8
1780057174330 0.0009278936195187271 9
1780057177858 0.0006342274718917906 10
1780057181345 0.0032011782750487328 11
1780057184889 0.0016202365513890982 12
1780057188431 -0.0004220740811433643 13
1780057191671 0.0008723859791643918 14
1780057194863 -0.002898631850257516 15
1780057198082 0.003388386918231845 16
1780057201231 0.002674139104783535 17
1780057204409 0.001914309337735176 18
1780057207575 -0.0019525201059877872 19
1780057210724 -0.001576785696670413 20
1780057213891 0.00034230202436447144 21
1780057217123 -0.0010557107161730528 22
1780057220298 0.005597796756774187 23
1780057223609 0.0010265663731843233 24
1780057226914 0.0016560888616368175 25
1780057230224 -0.00024638688773848116 26
1780057233505 0.002837632317095995 27
1780057236773 0.00430546049028635 28
1780057240065 -0.005154338665306568 29
1780057243349 -0.0016367051284760237 30
1780057246662 0.0006822177092544734 31
1780057249945 -0.002187761478126049 32
1780057253115 0.0047062477096915245 33
1780057256307 0.0043869903311133385 34
1780057259540 0.0011698787566274405 35
1780057262701 0.0030340650118887424 36
1780057265893 -0.0028054146096110344 37
1780057269101 0.002443854231387377 38
1780057272292 0.0003906867641489953 39
1780057275502 0.003269174136221409 40
1780057278674 -0.0024497429840266705 41
1780057282127 -0.002021529944613576 42
1780057285609 -0.0007290909998118877 43
1780057289048 -0.004503220319747925 44
1780057292512 0.0031120115891098976 45
1780057296025 -0.002545952331274748 46
1780057299571 -0.0015106771606951952 47
1780057303036 -0.0033641757909208536 48
1780057306481 -1.3399033377936576e-05 49
1780057309891 0.0020885602571070194 50
1780057313058 0.0003631825384218246 51
1780057316223 0.003129740944132209 52
1780057319409 0.0016864431090652943 53
1780057322626 -0.001454075681976974 54
1780057325796 -0.002088886685669422 55
1780057328994 0.0040787141770124435 56
1780057332214 -0.0011035880306735635 57
1780057335371 -0.003853166475892067 58
1780057338597 0.0029376931488513947 59
1780057341881 0.0013715489767491817 60
1780057345110 0.003147081471979618 61
1780057348377 -0.0010964202228933573 62
1780057351689 0.00036259638727642596 63
1780057355004 0.0003221669758204371 64
1780057358283 -0.0014009850565344095 65
1780057361571 0.00389146339148283 66
1780057364863 0.0034350466448813677 67
1780057368205 0.0015122457407414913 68
1780057371490 0.0016078066546469927 69
1780057374736 0.0009066424099728465 70
1780057377960 0.0012401831336319447 71
1780057381154 0.001140341511927545 72
1780057384376 0.0006459595751948655 73
1780057387629 0.00042787985876202583 74
1780057390900 -0.00026314190472476184 75
1780057394120 3.908776125172153e-05 76
1780057397356 6.27016052021645e-05 77
1780057400713 0.0017287151422351599 78
1780057404213 0.0020446786656975746 79
1780057407712 -0.0021763965487480164 80
1780057411206 0.0004876594466622919 81
1780057414701 0.0027232475113123655 82
1780057418220 0.003631256055086851 83
1780057421731 0.0035737582948058844 84
1780057425216 0.00073601258918643 85
