1779920575861 0.12690087765988897 1
1779920578247 0.11789574093870388 2
1779920580601 0.09448838983110816 3
1779920582976 0.0811216845933974 4
1779920585275 0.07697855281969404 5
1779920587646 0.07615751897295316 6
1779920589906 0.07474506524270888 7
1779920592227 0.07468687681630048 8
1779920594595 0.07377690530174282 9
1779920596845 0.07261510174875417 10
1779920599201 0.07172772260100553 11
1779920601509 0.07106223451255848 12
1779920603886 0.0705747612451842 13
1779920606127 0.06986105983907526 14
1779920608341 0.06982485909969353 15
1779920610589 0.06932396504042809 16
1779920612973 0.06890300786784612 17
1779920615399 0.06882279825502026 18
1779920617792 0.06866860333778806 19
1779920620214 0.06768851267486893 20
1779920622641 0.06736860423510478 21
1779920624926 0.067676717071658 22
1779920627173 0.06692829187805495 23
1779920629454 0.07521446626222905 24
1779920631733 0.06816560435096013 25
1779920634057 0.07350771729488018 26
1779920636307 0.07100448874402637 27
1779920638618 0.06916638741079852 28
1779920641387 0.0677897028635274 29
1779920643991 0.06755277234547805 30
