1779920575861 0.0023656627163290977 1
1779920578247 0.004672471433877945 2
1779920580601 -0.0008976965909823775 3
1779920582976 -0.000859786756336689 4
1779920585275 -0.0016679387772455812 5
1779920587646 0.003184633096680045 6
1779920589906 0.002742759184911847 7
1779920592227 0.00035746616777032614 8
1779920594595 -0.002116678049787879 9
1779920596845 0.0046586948446929455 10
1779920599201 0.004776454530656338 11
1779920601509 0.0015089735388755798 12
1779920603886 0.0013872886775061488 13
1779920606127 -0.002224428579211235 14
1779920608341 -0.0014557470567524433 15
1779920610589 -0.003907726611942053 16
1779920612973 0.0020918934606015682 17
1779920615399 0.0033358901273459196 18
1779920617792 0.0025997390039265156 19
1779920620214 -0.0014823517994955182 20
1779920622641 -0.0012872827937826514 21
1779920624926 0.0011736215092241764 22
1779920627173 0.004055648110806942 23
1779920629454 0.0002923908468801528 24
1779920631733 -0.0033483474981039762 25
1779920634057 -0.0027400993276387453 26
1779920636307 0.004318905994296074 27
1779920638618 -0.00235396483913064 28
1779920641387 0.00046979502076283097 29
1779920643991 -0.0004285169125068933 30
