1779920575861 0.029771415516734123 1
1779920578247 0.026683231815695763 2
1779920580601 0.023456132039427757 3
1779920582976 0.022803232073783875 4
1779920585275 0.022727737203240395 5
1779920587646 0.022689394652843475 6
1779920589906 0.022275011986494064 7
1779920592227 0.022607851773500443 8
1779920594595 0.02255098521709442 9
1779920596845 0.022177236154675484 10
1779920599201 0.021786795929074287 11
1779920601509 0.021528445184230804 12
1779920603886 0.021843940019607544 13
1779920606127 0.021786430850625038 14
1779920608341 0.021375715732574463 15
1779920610589 0.02215038426220417 16
1779920612973 0.02144940383732319 17
1779920615399 0.02125866524875164 18
1779920617792 0.021085921674966812 19
1779920620214 0.02102561853826046 20
1779920622641 0.021032506600022316 21
1779920624926 0.02071308344602585 22
1779920627173 0.0214268546551466 23
1779920629454 0.021175596863031387 24
1779920631733 0.021848158910870552 25
1779920634057 0.022292034700512886 26
1779920636307 0.021686019375920296 27
1779920638618 0.0214410200715065 28
1779920641387 0.020964035764336586 29
1779920643991 0.020580818876624107 30
