1779920575861 0.07480628788471222 1
1779920578247 0.07321244478225708 2
1779920580601 0.07085287570953369 3
1779920582976 0.07044542580842972 4
1779920585275 0.07047351449728012 5
1779920587646 0.07056841999292374 6
1779920589906 0.06993492692708969 7
1779920592227 0.06995050609111786 8
1779920594595 0.07000788301229477 9
1779920596845 0.06992875784635544 10
1779920599201 0.07000025361776352 11
1779920601509 0.06957089900970459 12
1779920603886 0.06958848983049393 13
1779920606127 0.06960082054138184 14
1779920608341 0.06958220154047012 15
1779920610589 0.06984717398881912 16
1779920612973 0.06927727907896042 17
1779920615399 0.06929334998130798 18
1779920617792 0.06930100917816162 19
1779920620214 0.06923681497573853 20
1779920622641 0.06902766227722168 21
1779920624926 0.06893167644739151 22
1779920627173 0.06957091391086578 23
1779920629454 0.06926500052213669 24
1779920631733 0.06949082762002945 25
1779920634057 0.0698394626379013 26
1779920636307 0.06945009529590607 27
1779920638618 0.06932315230369568 28
1779920641387 0.06921877712011337 29
1779920643991 0.06889253854751587 30
