1780062836057 0.03186185657978058 1
1780062838902 0.02928248420357704 2
1780062841891 0.025639045983552933 3
1780062844809 0.024624032899737358 4
1780062847771 0.02447793446481228 5
1780062850656 0.0248104277998209 6
1780062853582 0.023710569366812706 7
1780062856504 0.023590143769979477 8
1780062859406 0.024342011660337448 9
1780062862568 0.023178936913609505 10
1780062865812 0.023851973935961723 11
1780062869044 0.023424718528985977 12
1780062872176 0.023012325167655945 13
1780062875325 0.022637519985437393 14
1780062878523 0.02277316339313984 15
1780062881754 0.022608794271945953 16
1780062884942 0.02268265187740326 17
1780062888072 0.022432517260313034 18
1780062890996 0.022780444473028183 19
1780062893759 0.022847061976790428 20
1780062896697 0.02247597649693489 21
1780062899428 0.021999994292855263 22
1780062902205 0.02224801667034626 23
1780062905114 0.022094327956438065 24
1780062907977 0.022178204730153084 25
1780062910968 0.022020120173692703 26
1780062913786 0.022327814251184464 27
1780062916563 0.022076662629842758 28
1780062919412 0.022101454436779022 29
1780062922782 0.022178934887051582 30
1780062926155 0.021785873919725418 31
1780062929579 0.023910166695713997 32
1780062932966 0.021460209041833878 33
1780062936374 0.02162494882941246 34
1780062939754 0.02228204347193241 35
1780062943134 0.02314203977584839 36
1780062946546 0.021770045161247253 37
1780062949856 0.02174980752170086 38
1780062952613 0.021548530086874962 39
1780062955441 0.021113364025950432 40
1780062958172 0.021218445152044296 41
1780062960955 0.02111240290105343 42
1780062963736 0.021637486293911934 43
1780062966559 0.02096514217555523 44
1780062969361 0.021402914077043533 45
1780062972171 0.021584393456578255 46
1780062974905 0.021735360845923424 47
1780062977766 0.02170540764927864 48
1780062980556 0.021385593339800835 49
1780062983733 0.021362250670790672 50
1780062986948 0.021434690803289413 51
1780062990097 0.021257834509015083 52
1780062993157 0.0216312687844038 53
1780062996353 0.02117050252854824 54
1780062999457 0.02161325328052044 55
1780063002585 0.020872492343187332 56
1780063005808 0.021245362237095833 57
1780063008967 0.020993879064917564 58
1780063011989 0.021387256681919098 59
1780063014877 0.0208627600222826 60
1780063017648 0.02093571610748768 61
1780063020585 0.02086581662297249 62
1780063023397 0.021273570135235786 63
1780063026373 0.020834995433688164 64
1780063029290 0.02155592478811741 65
1780063032148 0.02100708894431591 66
1780063034855 0.020991813391447067 67
1780063037822 0.02078191377222538 68
1780063040966 0.020704053342342377 69
1780063044406 0.021181797608733177 70
1780063047850 0.020853232592344284 71
1780063051298 0.02071068435907364 72
1780063054695 0.02074335515499115 73
1780063058174 0.02063850499689579 74
1780063061527 0.020842093974351883 75
1780063064968 0.02069089747965336 76
1780063068345 0.020612403750419617 77
1780063071257 0.020754409953951836 78
1780063073971 0.021195121109485626 79
1780063076661 0.02061944268643856 80
1780063079372 0.02083040215075016 81
