1780062836057 0.051731642335653305 1
1780062838902 0.05009433627128601 2
1780062841891 0.04559652879834175 3
1780062844809 0.04450630396604538 4
1780062847771 0.044227901846170425 5
1780062850656 0.04409652203321457 6
1780062853582 0.043467044830322266 7
1780062856504 0.04320821538567543 8
1780062859406 0.04350154101848602 9
1780062862568 0.04265400767326355 10
1780062865812 0.04327624663710594 11
1780062869044 0.042753927409648895 12
1780062872176 0.04251166433095932 13
1780062875325 0.04181540384888649 14
1780062878523 0.042210903018713 15
1780062881754 0.04163825884461403 16
1780062884942 0.041954465210437775 17
1780062888072 0.0413363091647625 18
1780062890996 0.04196440428495407 19
1780062893759 0.041938912123441696 20
1780062896697 0.04115578532218933 21
1780062899428 0.04111555591225624 22
1780062902205 0.04147956520318985 23
1780062905114 0.0406096875667572 24
1780062907977 0.041312091052532196 25
1780062910968 0.041453003883361816 26
1780062913786 0.04108311980962753 27
1780062916563 0.04066147655248642 28
1780062919412 0.040809012949466705 29
1780062922782 0.04052916541695595 30
1780062926155 0.04041881114244461 31
1780062929579 0.04361864551901817 32
1780062932966 0.04076552018523216 33
1780062936374 0.04046201333403587 34
1780062939754 0.04062540456652641 35
1780062943134 0.04279765114188194 36
1780062946546 0.040692273527383804 37
1780062949856 0.04098379239439964 38
1780062952613 0.04002542421221733 39
1780062955441 0.0401274748146534 40
1780062958172 0.03997363895177841 41
1780062960955 0.039805300533771515 42
1780062963736 0.04030698165297508 43
1780062966559 0.039890095591545105 44
1780062969361 0.04007873684167862 45
1780062972171 0.04103129357099533 46
1780062974905 0.040619149804115295 47
1780062977766 0.040413498878479004 48
1780062980556 0.039852045476436615 49
1780062983733 0.0401906818151474 50
1780062986948 0.040208786725997925 51
1780062990097 0.040023501962423325 52
1780062993157 0.039898283779621124 53
1780062996353 0.03993916139006615 54
1780062999457 0.040216632187366486 55
1780063002585 0.039844829589128494 56
1780063005808 0.039901524782180786 57
1780063008967 0.03947941213846207 58
1780063011989 0.0397505909204483 59
1780063014877 0.039653901010751724 60
1780063017648 0.039486341178417206 61
1780063020585 0.03965393826365471 62
1780063023397 0.04035944491624832 63
1780063026373 0.03980628028512001 64
1780063029290 0.0399327427148819 65
1780063032148 0.039204370230436325 66
1780063034855 0.039551280438899994 67
1780063037822 0.039185233414173126 68
1780063040966 0.039508018642663956 69
1780063044406 0.03969681262969971 70
1780063047850 0.0395556315779686 71
1780063051298 0.03954664245247841 72
1780063054695 0.03930045664310455 73
1780063058174 0.03934629261493683 74
1780063061527 0.039310865104198456 75
1780063064968 0.03921903669834137 76
1780063068345 0.03904729336500168 77
1780063071257 0.039366621524095535 78
1780063073971 0.039491795003414154 79
1780063076661 0.03894663602113724 80
1780063079372 0.039331331849098206 81
