1780062836057 -0.0053658317774534225 1
1780062838902 8.569016063120216e-05 2
1780062841891 0.00011087849270552397 3
1780062844809 0.0005423711845651269 4
1780062847771 -0.002796260640025139 5
1780062850656 -0.0063179959543049335 6
1780062853582 0.0032885302789509296 7
1780062856504 0.0018703953828662634 8
1780062859406 0.0034637367352843285 9
1780062862568 -0.0003807421599049121 10
1780062865812 0.000614004791714251 11
1780062869044 0.0005396137130446732 12
1780062872176 0.003835934679955244 13
1780062875325 5.639697701553814e-05 14
1780062878523 0.004495502449572086 15
1780062881754 0.00046972130076028407 16
1780062884942 -0.0008356482721865177 17
1780062888072 0.003527395660057664 18
1780062890996 0.004106430336833 19
1780062893759 0.005062711890786886 20
1780062896697 -0.0019177860813215375 21
1780062899428 0.001575519680045545 22
1780062902205 0.002626547124236822 23
1780062905114 -0.0023101947735995054 24
1780062907977 -0.0008904729038476944 25
1780062910968 0.0027605064678937197 26
1780062913786 -0.0010124356485903263 27
1780062916563 0.003185354173183441 28
1780062919412 -0.0035527152940630913 29
1780062922782 -0.0029438151977956295 30
1780062926155 -0.003656793385744095 31
1780062929579 0.009546334855258465 32
1780062932966 0.004473525565117598 33
1780062936374 0.002154809655621648 34
1780062939754 -0.00598760275170207 35
1780062943134 0.00225061341188848 36
1780062946546 0.004073032643646002 37
1780062949856 0.0009607611573301256 38
1780062952613 0.004956359043717384 39
1780062955441 0.00027115060947835445 40
1780062958172 0.0004839914327021688 41
1780062960955 -0.0001539032527944073 42
1780062963736 0.0004146562423557043 43
1780062966559 0.00028626376297324896 44
1780062969361 0.0029448564164340496 45
1780062972171 -0.0005094677908346057 46
1780062974905 -8.568056364310905e-05 47
1780062977766 -0.0006687881541438401 48
1780062980556 0.003349284641444683 49
1780062983733 0.004307640716433525 50
1780062986948 -0.0010562763782218099 51
1780062990097 0.001910077640786767 52
1780062993157 -0.00254293461330235 53
1780062996353 0.000595957157202065 54
1780062999457 0.006573364604264498 55
1780063002585 0.0003623045631684363 56
1780063005808 0.0017483634874224663 57
1780063008967 0.0015356047078967094 58
1780063011989 0.0016881615156307817 59
1780063014877 0.0025120810605585575 60
1780063017648 -0.00071845663478598 61
1780063020585 -0.0017949693137779832 62
1780063023397 0.0015399411786347628 63
1780063026373 0.001472477219067514 64
1780063029290 0.0009218807681463659 65
1780063032148 0.00241260533221066 66
1780063034855 0.0022807952482253313 67
1780063037822 0.0014955363003537059 68
1780063040966 0.002116249408572912 69
1780063044406 0.0016535158501937985 70
1780063047850 0.0027594806160777807 71
1780063051298 0.0008101158891804516 72
1780063054695 0.002282282104715705 73
1780063058174 -0.0005451833130791783 74
1780063061527 -0.001790202222764492 75
1780063064968 0.0004646404122468084 76
1780063068345 -0.00231463136151433 77
1780063071257 -0.0012407592730596662 78
1780063073971 -0.0010230322368443012 79
1780063076661 0.0011506821028888226 80
1780063079372 0.0007849702960811555 81
