1780062836057 0.2727326188890173 1
1780062838902 0.248882604428187 2
1780062841891 0.20517183281087473 3
1780062844809 0.18743481939111148 4
1780062847771 0.18011998623830067 5
1780062850656 0.17648069560527802 6
1780062853582 0.17437951077744523 7
1780062856504 0.17236839733372028 8
1780062859406 0.17170314845209647 9
1780062862568 0.16847728325120995 10
1780062865812 0.16784872810885973 11
1780062869044 0.1653054141799819 12
1780062872176 0.16492312648835697 13
1780062875325 0.1637692535197634 14
1780062878523 0.1614167843069133 15
1780062881754 0.16192219726126997 16
1780062884942 0.16061638674480214 17
1780062888072 0.15896371091237532 18
1780062890996 0.15870903100794767 19
1780062893759 0.16223685136242094 20
1780062896697 0.15947609697222456 21
1780062899428 0.15679895722683337 22
1780062902205 0.15602224000412615 23
1780062905114 0.15540222812593613 24
1780062907977 0.15542382151518513 25
1780062910968 0.1543464197306628 26
1780062913786 0.1530691134895003 27
1780062916563 0.15264165518809322 28
1780062919412 0.1521217994013876 29
1780062922782 0.15165721306116586 30
1780062926155 0.15136758455451396 31
1780062929579 0.1514909941128142 32
1780062932966 0.1506427923339492 33
1780062936374 0.1503237368062485 34
1780062939754 0.1491016486529694 35
1780062943134 0.16140207483671432 36
1780062946546 0.15628897672790806 37
1780062949856 0.15006621700197648 38
1780062952613 0.14895310266293885 39
1780062955441 0.14865950683238138 40
1780062958172 0.14799214298216662 41
1780062960955 0.14756928769828276 42
1780062963736 0.14763875690783054 43
1780062966559 0.14757978482207335 44
1780062969361 0.1464405494956713 45
1780062972171 0.15136148553365256 46
1780062974905 0.15212890737341525 47
1780062977766 0.14764960275580968 48
1780062980556 0.14656367840493456 49
1780062983733 0.14643015454170819 50
1780062986948 0.14649528391801026 51
1780062990097 0.14598827049860744 52
1780062993157 0.1455639633044884 53
1780062996353 0.14595275280118997 54
1780062999457 0.14484391316582487 55
1780063002585 0.1464043386186026 56
1780063005808 0.14567366997705453 57
1780063008967 0.14608807709012928 58
1780063011989 0.14453792692522419 59
1780063014877 0.14590468658547825 60
1780063017648 0.14374560887982427 61
1780063020585 0.14330430100445515 62
1780063023397 0.14422815690017907 63
1780063026373 0.1437159835835466 64
1780063029290 0.14311197709615084 65
1780063032148 0.14294266094302022 66
1780063034855 0.14327419143619044 67
1780063037822 0.14247079561395576 68
1780063040966 0.14284064189922735 69
1780063044406 0.14221660925929944 70
1780063047850 0.14217446162414601 71
1780063051298 0.1419337716812059 72
1780063054695 0.14303749771375232 73
1780063058174 0.1421384166051923 74
1780063061527 0.14199394758704098 75
1780063064968 0.14148539164542648 76
1780063068345 0.14228317296687695 77
1780063071257 0.14093895907854428 78
1780063073971 0.14215910374472435 79
1780063076661 0.14215037010484088 80
1780063079372 0.14159763118854662 81
