1780534898800 0.03416109085083008 1
1780534908053 0.03146849945187569 2
1780534916618 0.025835929438471794 3
1780534925169 0.02582530863583088 4
1780534934185 0.025622181594371796 5
1780534943061 0.025069842115044594 6
1780534951669 0.025269733741879463 7
1780534960661 0.024481631815433502 8
1780534969490 0.02401742711663246 9
1780534978613 0.02372109889984131 10
1780534987637 0.023695066571235657 11
1780534996361 0.023185892030596733 12
1780535005286 0.023362908512353897 13
1780535013930 0.02355649322271347 14
1780535022829 0.023036306723952293 15
1780535031900 0.023177150636911392 16
1780535040492 0.022494850680232048 17
1780535049488 0.02250046841800213 18
1780535058268 0.022360973060131073 19
1780535067256 0.02189386636018753 20
1780535076343 0.022375715896487236 21
1780535084969 0.02191481925547123 22
1780535093799 0.021947622299194336 23
1780535102362 0.022159552201628685 24
1780535111163 0.021986179053783417 25
1780535120089 0.021792616695165634 26
1780535128693 0.021605096757411957 27
1780535137623 0.022407427430152893 28
1780535146378 0.021415146067738533 29
1780535155712 0.022028662264347076 30
1780535164723 0.022265233099460602 31
1780535173701 0.021630899980664253 32
1780535182861 0.02158755250275135 33
1780535191791 0.0215621218085289 34
1780535201085 0.02149253338575363 35
1780535209831 0.02212698385119438 36
1780535218849 0.02126726135611534 37
1780535227930 0.021621963009238243 38
1780535236688 0.021240677684545517 39
1780535245615 0.02127763070166111 40
1780535254110 0.021208880469202995 41
1780535262975 0.021284662187099457 42
1780535271996 0.021352477371692657 43
1780535280633 0.021671252325177193 44
1780535289555 0.02199297584593296 45
1780535298084 0.02110873907804489 46
1780535306963 0.021101975813508034 47
1780535315906 0.021040763705968857 48
1780535324451 0.021507594734430313 49
1780535333479 0.02118285745382309 50
1780535341887 0.0219020526856184 51
1780535350765 0.021176975220441818 52
1780535359887 0.021171750500798225 53
1780535368536 0.020903533324599266 54
1780535377449 0.02134648896753788 55
1780535386188 0.020891474559903145 56
1780535395234 0.02079753577709198 57
1780535404323 0.02135053463280201 58
1780535413069 0.02064240165054798 59
