1780534898800 0.0538029670715332 1
1780534908053 0.05227319151163101 2
1780534916618 0.04698740690946579 3
1780534925169 0.04694924131035805 4
1780534934185 0.04626719281077385 5
1780534943061 0.04546388238668442 6
1780534951669 0.04615349695086479 7
1780534960661 0.044992845505476 8
1780534969490 0.044726595282554626 9
1780534978613 0.04418955370783806 10
1780534987637 0.04409731179475784 11
1780534996361 0.04368341714143753 12
1780535005286 0.043632835149765015 13
1780535013930 0.04374399408698082 14
1780535022829 0.043249718844890594 15
1780535031900 0.04298979416489601 16
1780535040492 0.04262818768620491 17
1780535049488 0.042373284697532654 18
1780535058268 0.0421314537525177 19
1780535067256 0.041588231921195984 20
1780535076343 0.04182087257504463 21
1780535084969 0.041659966111183167 22
1780535093799 0.040786005556583405 23
1780535102362 0.04141173139214516 24
1780535111163 0.041191015392541885 25
1780535120089 0.04115242511034012 26
1780535128693 0.04084010794758797 27
1780535137623 0.04138122498989105 28
1780535146378 0.04118123650550842 29
1780535155712 0.041755519807338715 30
1780535164723 0.04112144187092781 31
1780535173701 0.040284641087055206 32
1780535182861 0.04044884443283081 33
1780535191791 0.04058549180626869 34
1780535201085 0.04012695327401161 35
1780535209831 0.040777191519737244 36
1780535218849 0.03965391963720322 37
1780535227930 0.04041790962219238 38
1780535236688 0.04006597027182579 39
1780535245615 0.04012586921453476 40
1780535254110 0.04010149836540222 41
1780535262975 0.03924150764942169 42
1780535271996 0.04000064730644226 43
1780535280633 0.04018266126513481 44
1780535289555 0.039845116436481476 45
1780535298084 0.03934310004115105 46
1780535306963 0.04028592258691788 47
1780535315906 0.039665739983320236 48
1780535324451 0.041320327669382095 49
1780535333479 0.03923044353723526 50
1780535341887 0.040471550077199936 51
1780535350765 0.03991754725575447 52
1780535359887 0.0389581061899662 53
1780535368536 0.03980989381670952 54
1780535377449 0.04006004333496094 55
1780535386188 0.03872089460492134 56
1780535395234 0.038854461163282394 57
1780535404323 0.04005913808941841 58
1780535413069 0.0384172722697258 59
