1780534898800 0.17500281738227794 1
1780534908053 0.164636166374389 2
1780534916618 0.13310242131061906 3
1780534925169 0.11532040334372477 4
1780534934185 0.10964988675921744 5
1780534943061 0.10648468071420826 6
1780534951669 0.10312713794924688 7
1780534960661 0.10123649333050637 8
1780534969490 0.09925238225248943 9
1780534978613 0.09743262352278134 10
1780534987637 0.09497582017588577 11
1780534996361 0.09447515620619276 12
1780535005286 0.09230963705420785 13
1780535013930 0.09161387971934509 14
1780535022829 0.09049572716342251 15
1780535031900 0.08962781502767658 16
1780535040492 0.0878858570127493 17
1780535049488 0.08702319295158432 18
1780535058268 0.0862187347113844 19
1780535067256 0.08613067763085099 20
1780535076343 0.08529408186504649 21
1780535084969 0.08451285613299772 22
1780535093799 0.0834942472225568 23
1780535102362 0.08314167085662787 24
1780535111163 0.08276084289075784 25
1780535120089 0.08240363443350521 26
1780535128693 0.08237072881417096 27
1780535137623 0.081940565264317 28
1780535146378 0.08163345517071643 29
1780535155712 0.08138036868019767 30
1780535164723 0.08101075710948166 31
1780535173701 0.08052631184022956 32
1780535182861 0.07993014974203369 33
1780535191791 0.07987289158226415 34
1780535201085 0.07974756645246021 35
1780535209831 0.07973374396707836 36
1780535218849 0.07921396656178246 37
1780535227930 0.07877149829333822 38
1780535236688 0.0785629693978594 39
1780535245615 0.07859101829479904 40
1780535254110 0.0788938270187252 41
1780535262975 0.07785570369708064 42
1780535271996 0.07823010025338657 43
1780535280633 0.07794485594033226 44
1780535289555 0.0776589614990569 45
1780535298084 0.07899613040525869 46
1780535306963 0.07715453017445524 47
1780535315906 0.07725945807793681 48
1780535324451 0.07714629744328588 49
1780535333479 0.07724470319264212 50
1780535341887 0.07710052917731863 51
1780535350765 0.07674562794275153 52
1780535359887 0.076423184312184 53
1780535368536 0.07604496393452613 54
1780535377449 0.07643558606384344 55
1780535386188 0.07570000457373893 56
1780535395234 0.07526974850292617 57
1780535404323 0.07557011283419657 58
1780535413069 0.07646595543836017 59
