1780534898800 -0.00021643866784870625 1
1780534908053 0.0032217134721577168 2
1780534916618 0.0005332920118235052 3
1780534925169 -0.0025046665687114 4
1780534934185 0.0006261972594074905 5
1780534943061 -0.0030695500317960978 6
1780534951669 0.0028997391927987337 7
1780534960661 0.0032156172674149275 8
1780534969490 0.0009609810076653957 9
1780534978613 0.0018815906951203942 10
1780534987637 -0.0018734318437054753 11
1780534996361 0.0015851474599912763 12
1780535005286 3.165718226227909e-05 13
1780535013930 -0.003312261775135994 14
1780535022829 0.002653075149282813 15
1780535031900 -0.004811035003513098 16
1780535040492 0.0006788076716475189 17
1780535049488 0.0025501020718365908 18
1780535058268 0.0031689079478383064 19
1780535067256 -2.821209272951819e-05 20
1780535076343 0.004765301011502743 21
1780535084969 -0.0005340081406757236 22
1780535093799 0.003710756544023752 23
1780535102362 0.0011085415026172996 24
1780535111163 0.0015060070436447859 25
1780535120089 -0.002196851186454296 26
1780535128693 -0.0006058249273337424 27
1780535137623 0.005987485870718956 28
1780535146378 0.00046664770343340933 29
1780535155712 -0.0013180698733776808 30
1780535164723 0.0026074438355863094 31
1780535173701 0.0037990345153957605 32
1780535182861 0.00035559490788728 33
1780535191791 0.001690318458713591 34
1780535201085 -0.0001791613467503339 35
1780535209831 -0.0026116017252206802 36
1780535218849 -0.0025295817758888006 37
1780535227930 0.0015873417723923922 38
1780535236688 -0.001653096405789256 39
1780535245615 0.0011480035027489066 40
1780535254110 -0.0015121333999559283 41
1780535262975 -0.001096907421015203 42
1780535271996 0.0012179495533928275 43
1780535280633 -0.004435193724930286 44
1780535289555 -0.005804484244436026 45
1780535298084 -0.0014517283998429775 46
1780535306963 0.003213505959138274 47
1780535315906 0.0017017207574099302 48
1780535324451 -0.003803947241976857 49
1780535333479 -0.0026129663456231356 50
1780535341887 0.0045246705412864685 51
1780535350765 -0.001348462188616395 52
1780535359887 -0.00017687030776869506 53
1780535368536 0.002115402603521943 54
1780535377449 0.0027085121255367994 55
1780535386188 0.0009745002025738358 56
1780535395234 -0.0007908506668172777 57
1780535404323 0.006451012101024389 58
1780535413069 0.0006640138453803957 59
