1780529654481 0.7905549995310894 1
1780529656860 0.6417418257756666 2
1780529658812 0.538907236770376 3
1780529660971 0.47527917629325545 4
1780529662959 0.43286784235146136 5
1780529664921 0.4045582543332855 6
1780529666878 0.3850429314491037 7
1780529668879 0.3727371020170001 8
1780529670987 0.364277645945549 9
1780529672921 0.3579707953643489 10
1780529675009 0.3536709594455632 11
1780529676909 0.3505094551614353 12
1780529678904 0.3463869548656724 13
1780529680769 0.3434243333804143 14
1780529682679 0.3402896105469047 15
1780529684657 0.33684436328612366 16
1780529686537 0.3326118002077202 17
1780529688638 0.32899855280464346 18
1780529690458 0.32585261815360617 19
1780529692214 0.3224819795071305 20
1780529693900 0.3189547785690853 21
1780529695694 0.3163226909645192 22
1780529697438 0.3132467735316846 23
1780529699239 0.3103455893405072 24
1780529701091 0.3081358733115258 25
1780529702871 0.30561117711779356 26
1780529704674 0.3038232053158345 27
1780529706401 0.3020726585059197 28
1780529708193 0.30101045840359353 29
1780529709936 0.2992602759948024 30
1780529711750 0.29760681305612835 31
1780529713539 0.29634235184881597 32
1780529715253 0.2955001417499084 33
1780529717050 0.29489260191073663 34
1780529718775 0.2931623840099805 35
1780529720606 0.2923832788289367 36
1780529722308 0.291415327506793 37
1780529724063 0.29070979729294777 38
1780529725732 0.2889496160598544 39
1780529727355 0.2887134477979951 40
1780529729086 0.2882013444776659 41
1780529730763 0.2871820466084914 42
1780529732515 0.2862666691955808 43
1780529734182 0.2864274401459601 44
1780529735916 0.28559661390525953 45
1780529737549 0.28461533083350626 46
1780529739374 0.2847792579272351 47
1780529741219 0.2839940199023717 48
1780529743033 0.2836387145828891 49
1780529744925 0.2827137851386101 50
1780529746724 0.2824010288270263 51
1780529748581 0.2830059151467565 52
1780529750535 0.2820725884627212 53
1780529752495 0.2821211467509146 54
1780529754285 0.2808383808217265 55
1780529756089 0.28104378989377576 56
1780529758094 0.28076633554580926 57
1780529759887 0.28037681106429596 58
1780529761770 0.2806685936044563 59
1780529763577 0.2811602517575413 60
1780529765623 0.2803455078369611 61
1780529767576 0.28046541153029964 62
1780529769538 0.2799297404753697 63
1780529771570 0.28038354058350834 64
1780529773354 0.2797357469990656 65
1780529775143 0.27966293547447624 66
1780529776915 0.2796951130806626 67
1780529778791 0.2790809462887126 68
1780529780571 0.27964103841162347 69
1780529782331 0.2790658801987574 70
1780529784354 0.2796482855042854 71
1780529786144 0.27952016411083086 72
1780529787979 0.27965381277071966 73
1780529789732 0.2789458059161514 74
1780529791518 0.27900518065729696 75
1780529793308 0.2793769851423703 76
1780529795115 0.27781171966102214 77
1780529796985 0.27853347665884276 78
1780529798785 0.27851913027562103 79
1780529800664 0.27870164574547246 80
1780529802445 0.27797307224049195 81
1780529804208 0.277902853227668 82
1780529805981 0.2781896839377942 83
1780529807844 0.2779350954216796 84
1780529809638 0.27785685343982336 85
1780529811572 0.2776124829111935 86
1780529813561 0.27832451757866067 87
1780529815306 0.27757730572061107 88
1780529817153 0.27763954192012935 89
1780529819011 0.27778991335978753 90
1780529820829 0.2772029669737661 91
1780529822613 0.27742614727709203 92
1780529824368 0.2774748055675587 93
1780529826377 0.27702556666615724 94
1780529828124 0.27708736652290666 95
1780529829828 0.2772772970621462 96
1780529831448 0.2769920089608663 97
1780529833169 0.2766559942589178 98
1780529834841 0.2769894612493453 99
1780529836445 0.2771188783664982 100
