1780529654481 0.07267172634601593 1
1780529656860 0.061777662485837936 2
1780529658812 0.05417327210307121 3
1780529660971 0.048449430614709854 4
1780529662959 0.044728513807058334 5
1780529664921 0.04240812733769417 6
1780529666878 0.04098516330122948 7
1780529668879 0.04010095074772835 8
1780529670987 0.03960124030709267 9
1780529672921 0.03926819562911987 10
1780529675009 0.038945067673921585 11
1780529676909 0.038684334605932236 12
1780529678904 0.03839578479528427 13
1780529680769 0.03807000070810318 14
1780529682679 0.03777681291103363 15
1780529684657 0.03748505935072899 16
1780529686537 0.03713712841272354 17
1780529688638 0.036823831498622894 18
1780529690458 0.03643479943275452 19
1780529692214 0.036150749772787094 20
1780529693900 0.03588160499930382 21
1780529695694 0.0355745293200016 22
1780529697438 0.03530162572860718 23
1780529699239 0.03504190966486931 24
1780529701091 0.03483661264181137 25
1780529702871 0.03458923473954201 26
1780529704674 0.03449184447526932 27
1780529706401 0.034258440136909485 28
1780529708193 0.03412848338484764 29
1780529709936 0.03404137119650841 30
1780529711750 0.03394025191664696 31
1780529713539 0.03378940373659134 32
1780529715253 0.03368239104747772 33
1780529717050 0.03364991769194603 34
1780529718775 0.03358640521764755 35
1780529720606 0.03346706181764603 36
1780529722308 0.03334251418709755 37
1780529724063 0.03334733471274376 38
1780529725732 0.03315561264753342 39
1780529727355 0.03319390118122101 40
1780529729086 0.033134303987026215 41
1780529730763 0.032990776002407074 42
1780529732515 0.032952629029750824 43
1780529734182 0.03294248878955841 44
1780529735916 0.03287947177886963 45
1780529737549 0.032802704721689224 46
1780529739374 0.032765306532382965 47
1780529741219 0.032791636884212494 48
1780529743033 0.03269165754318237 49
1780529744925 0.032739583402872086 50
1780529746724 0.0326395183801651 51
1780529748581 0.0326332151889801 52
1780529750535 0.03260271996259689 53
1780529752495 0.03261638805270195 54
1780529754285 0.032593682408332825 55
1780529756089 0.03257283195853233 56
1780529758094 0.03254476562142372 57
1780529759887 0.03248393535614014 58
1780529761770 0.03255777806043625 59
1780529763577 0.03251415863633156 60
1780529765623 0.03245238587260246 61
1780529767576 0.032434023916721344 62
1780529769538 0.03244658559560776 63
1780529771570 0.03241376578807831 64
1780529773354 0.03243040293455124 65
1780529775143 0.03241504728794098 66
1780529776915 0.032400913536548615 67
1780529778791 0.03244683891534805 68
1780529780571 0.03243177756667137 69
1780529782331 0.0323544479906559 70
1780529784354 0.03238273411989212 71
1780529786144 0.03237898647785187 72
1780529787979 0.0323767364025116 73
1780529789732 0.03234778344631195 74
1780529791518 0.03232552483677864 75
1780529793308 0.03236723318696022 76
1780529795115 0.03232702240347862 77
1780529796985 0.032303620129823685 78
1780529798785 0.03233424574136734 79
1780529800664 0.032270532101392746 80
1780529802445 0.032314419746398926 81
1780529804208 0.03227406367659569 82
1780529805981 0.032280486077070236 83
1780529807844 0.03229561075568199 84
1780529809638 0.032328568398952484 85
1780529811572 0.032280098646879196 86
1780529813561 0.0323064960539341 87
1780529815306 0.032279033213853836 88
1780529817153 0.032242488116025925 89
1780529819011 0.03232787922024727 90
1780529820829 0.03220582380890846 91
1780529822613 0.03222458064556122 92
1780529824368 0.032196369022130966 93
1780529826377 0.032245222479104996 94
1780529828124 0.032252777367830276 95
1780529829828 0.03221746161580086 96
1780529831448 0.032214004546403885 97
1780529833169 0.03220747783780098 98
1780529834841 0.03218260034918785 99
1780529836445 0.032186172902584076 100
