1780529654481 -0.0007086877594701946 1
1780529656860 0.008718905970454216 2
1780529658812 0.012604501098394394 3
1780529660971 0.01152708474546671 4
1780529662959 0.008952233009040356 5
1780529664921 0.0062478408217430115 6
1780529666878 0.0038143114652484655 7
1780529668879 0.0016690291231498122 8
1780529670987 0.00018005966558121145 9
1780529672921 -0.0006477478891611099 10
1780529675009 -0.0013798321597278118 11
1780529676909 -0.0013903689105063677 12
1780529678904 -0.0016913856379687786 13
1780529680769 -0.001878664712421596 14
1780529682679 -0.001891253050416708 15
1780529684657 -0.001647684839554131 16
1780529686537 -0.001753939432092011 17
1780529688638 -0.0015102216275408864 18
1780529690458 -0.0017360093770548701 19
1780529692214 -0.0013549122959375381 20
1780529693900 -0.0009905504994094372 21
1780529695694 -0.0012466298649087548 22
1780529697438 -0.0011486371513456106 23
1780529699239 -0.0009986249497160316 24
1780529701091 -0.0010099851060658693 25
1780529702871 -0.0011944924481213093 26
1780529704674 -0.0009009683271870017 27
1780529706401 -0.0009236295591108501 28
1780529708193 -0.00084455352043733 29
1780529709936 -0.00020907822181470692 30
1780529711750 -0.0004157744988333434 31
1780529713539 -0.0003776046505663544 32
1780529715253 -0.00042642507469281554 33
1780529717050 -0.00022944963711779565 34
1780529718775 0.00027882689028047025 35
1780529720606 3.884228499373421e-05 36
1780529722308 0.00011013175389962271 37
1780529724063 0.0004662136489059776 38
1780529725732 -0.00020891378517262638 39
1780529727355 0.00013590710295829922 40
1780529729086 0.0005345954559743404 41
1780529730763 0.0001764784101396799 42
1780529732515 0.00037995987804606557 43
1780529734182 0.0004036332538817078 44
1780529735916 0.00025565610849298537 45
1780529737549 0.00032551848562434316 46
1780529739374 0.0004358710430096835 47
1780529741219 0.00015500589506700635 48
1780529743033 0.0007215600926429033 49
1780529744925 0.0008831906598061323 50
1780529746724 0.0004904092056676745 51
1780529748581 0.000734261644538492 52
1780529750535 0.0005638053989969194 53
1780529752495 0.0010071322321891785 54
1780529754285 0.0006628487608395517 55
1780529756089 0.0003742137923836708 56
1780529758094 0.0006077529396861792 57
1780529759887 0.0005618881550617516 58
1780529761770 0.001155960955657065 59
1780529763577 0.000771683466155082 60
1780529765623 0.0005465693539008498 61
1780529767576 0.0008187634521164 62
1780529769538 0.0008562708972021937 63
1780529771570 0.0006512057734653354 64
1780529773354 0.0009691923041827977 65
1780529775143 0.0008330570999532938 66
1780529776915 0.0008525080047547817 67
1780529778791 0.00043620230280794203 68
1780529780571 0.0012245702091604471 69
1780529782331 0.0009080278105102479 70
1780529784354 0.0010783509351313114 71
1780529786144 0.0009980752365663648 72
1780529787979 0.001018361421301961 73
1780529789732 0.0007822859333828092 74
1780529791518 0.0005067043821327388 75
1780529793308 0.0010264783632010221 76
1780529795115 0.0007722073933109641 77
1780529796985 0.0007333206594921649 78
1780529798785 0.0006740555982105434 79
1780529800664 0.00046489943633787334 80
1780529802445 0.0011597676202654839 81
1780529804208 0.00035530488821677864 82
1780529805981 0.0007806076901033521 83
1780529807844 0.0006721414974890649 84
1780529809638 0.00122284225653857 85
1780529811572 0.0008842630195431411 86
1780529813561 0.0012619545450434089 87
1780529815306 0.0013083858648315072 88
1780529817153 0.001020727795548737 89
1780529819011 0.0011780266650021076 90
1780529820829 0.0005998542183078825 91
1780529822613 0.0004158436495345086 92
1780529824368 0.0005444750422611833 93
1780529826377 0.0010817883303388953 94
1780529828124 0.001247814274393022 95
1780529829828 0.00038104207487776875 96
1780529831448 0.0008919672109186649 97
1780529833169 0.000661744677927345 98
1780529834841 0.0008998116245493293 99
1780529836445 0.0007513580494560301 100
