1780529654481 0.09566187113523483 1
1780529656860 0.08684810250997543 2
1780529658812 0.08069759607315063 3
1780529660971 0.07575924694538116 4
1780529662959 0.07193619757890701 5
1780529664921 0.06909187883138657 6
1780529666878 0.06705694645643234 7
1780529668879 0.06567168980836868 8
1780529670987 0.06474671512842178 9
1780529672921 0.06410644948482513 10
1780529675009 0.06359465420246124 11
1780529676909 0.06314362585544586 12
1780529678904 0.06271596252918243 13
1780529680769 0.06230468675494194 14
1780529682679 0.06186005473136902 15
1780529684657 0.06142015382647514 16
1780529686537 0.06093740090727806 17
1780529688638 0.060467466711997986 18
1780529690458 0.06004073843359947 19
1780529692214 0.059595685452222824 20
1780529693900 0.05912124738097191 21
1780529695694 0.05870669707655907 22
1780529697438 0.05830814316868782 23
1780529699239 0.05794915184378624 24
1780529701091 0.05763291195034981 25
1780529702871 0.057355254888534546 26
1780529704674 0.05707897990942001 27
1780529706401 0.056821439415216446 28
1780529708193 0.05662117525935173 29
1780529709936 0.05639864504337311 30
1780529711750 0.056179407984018326 31
1780529713539 0.05600513145327568 32
1780529715253 0.05583936348557472 33
1780529717050 0.05567579343914986 34
1780529718775 0.05550282076001167 35
1780529720606 0.055362336337566376 36
1780529722308 0.05522524192929268 37
1780529724063 0.0550994910299778 38
1780529725732 0.05498059466481209 39
1780529727355 0.05484692007303238 40
1780529729086 0.05474342405796051 41
1780529730763 0.054651498794555664 42
1780529732515 0.05453042685985565 43
1780529734182 0.054434578865766525 44
1780529735916 0.05436059832572937 45
1780529737549 0.05425543338060379 46
1780529739374 0.0542035847902298 47
1780529741219 0.054127003997564316 48
1780529743033 0.05405525490641594 49
1780529744925 0.05398235097527504 50
1780529746724 0.05393705517053604 51
1780529748581 0.053884170949459076 52
1780529750535 0.05383951589465141 53
1780529752495 0.053788922727108 54
1780529754285 0.053737297654151917 55
1780529756089 0.05372140184044838 56
1780529758094 0.053676266223192215 57
1780529759887 0.05365648865699768 58
1780529761770 0.053606923669576645 59
1780529763577 0.05362455174326897 60
1780529765623 0.05357162281870842 61
1780529767576 0.053550951182842255 62
1780529769538 0.05350077524781227 63
1780529771570 0.05350193753838539 64
1780529773354 0.053458116948604584 65
1780529775143 0.05342881381511688 66
1780529776915 0.05342448130249977 67
1780529778791 0.053404323756694794 68
1780529780571 0.05337478220462799 69
1780529782331 0.05336233600974083 70
1780529784354 0.05333862081170082 71
1780529786144 0.05331026762723923 72
1780529787979 0.05329281836748123 73
1780529789732 0.05329841002821922 74
1780529791518 0.05328518524765968 75
1780529793308 0.05323643609881401 76
1780529795115 0.05326195806264877 77
1780529796985 0.05323343351483345 78
1780529798785 0.05323892831802368 79
1780529800664 0.05322748050093651 80
1780529802445 0.05319121852517128 81
1780529804208 0.053192395716905594 82
1780529805981 0.05314364656805992 83
1780529807844 0.05314496159553528 84
1780529809638 0.05314389243721962 85
1780529811572 0.053136277943849564 86
1780529813561 0.05309702083468437 87
1780529815306 0.05311214178800583 88
1780529817153 0.05310150980949402 89
1780529819011 0.05307743325829506 90
1780529820829 0.05311267822980881 91
1780529822613 0.05307998135685921 92
1780529824368 0.053087055683135986 93
1780529826377 0.053059983998537064 94
1780529828124 0.05303674936294556 95
1780529829828 0.05305559188127518 96
1780529831448 0.053027134388685226 97
1780529833169 0.05301472917199135 98
1780529834841 0.05300843343138695 99
1780529836445 0.05300424247980118 100
