1780540002576 0.032461684197187424 1
1780540011747 0.032287225127220154 2
1780540020321 0.028542285785079002 3
1780540029283 0.02581910230219364 4
1780540038080 0.02481837011873722 5
1780540047309 0.024853646755218506 6
1780540056249 0.02430092729628086 7
1780540064894 0.023744819685816765 8
1780540073908 0.023949608206748962 9
1780540082966 0.024098774418234825 10
1780540091734 0.023621562868356705 11
1780540100826 0.023004652932286263 12
1780540109539 0.022550754249095917 13
1780540118856 0.022703513503074646 14
1780540127754 0.022871876135468483 15
1780540136517 0.021807178854942322 16
1780540145398 0.021960528567433357 17
1780540154134 0.021803125739097595 18
1780540162991 0.02148662880063057 19
1780540171954 0.021337980404496193 20
1780540180653 0.021776864305138588 21
1780540189924 0.02141847461462021 22
1780540198784 0.02113371714949608 23
1780540207877 0.02125929296016693 24
1780540217151 0.02092200331389904 25
1780540226207 0.021444173529744148 26
1780540235385 0.02194353938102722 27
1780540244158 0.020961597561836243 28
1780540253159 0.020957427099347115 29
1780540262175 0.020973648875951767 30
1780540270825 0.020906349644064903 31
1780540279941 0.020962420850992203 32
1780540288732 0.02081308700144291 33
1780540297934 0.020525502040982246 34
1780540307028 0.020915372297167778 35
1780540315861 0.020346293225884438 36
1780540325050 0.02077118121087551 37
1780540333728 0.020475804805755615 38
1780540342959 0.020808057859539986 39
1780540352026 0.020348746329545975 40
1780540360862 0.021455055102705956 41
1780540369961 0.020640190690755844 42
1780540378754 0.020522069185972214 43
1780540388222 0.020141983404755592 44
1780540397317 0.02051355503499508 45
1780540406062 0.02058400772511959 46
1780540414922 0.02028384618461132 47
1780540423969 0.019818531349301338 48
1780540433502 0.020287461578845978 49
1780540442818 0.02044159732758999 50
1780540451498 0.019975075498223305 51
1780540460816 0.01976490393280983 52
1780540470038 0.01960325799882412 53
1780540478865 0.019940707832574844 54
1780540487847 0.019692227244377136 55
1780540496474 0.019783690571784973 56
1780540505381 0.01985493116080761 57
1780540514216 0.02004917897284031 58
1780540522707 0.019823845475912094 59
1780540531676 0.019831907004117966 60
1780540540345 0.019672226160764694 61
1780540549301 0.019426314160227776 62
1780540558455 0.019627759233117104 63
1780540567227 0.02045857347548008 64
