1780540002576 -0.002687374595552683 1
1780540011747 -0.004158258903771639 2
1780540020321 -0.00417344830930233 3
1780540029283 -0.0006654766038991511 4
1780540038080 0.002454544184729457 5
1780540047309 0.0036026795860379934 6
1780540056249 0.000687089457642287 7
1780540064894 -0.0018019378185272217 8
1780540073908 0.007008872460573912 9
1780540082966 0.005160953383892775 10
1780540091734 -0.0006119656609371305 11
1780540100826 0.003217178862541914 12
1780540109539 0.005109180696308613 13
1780540118856 -0.0018895302200689912 14
1780540127754 -0.002516642678529024 15
1780540136517 0.0012060925364494324 16
1780540145398 0.0010963401291519403 17
1780540154134 -0.00013464207586366683 18
1780540162991 -0.0010261826682835817 19
1780540171954 0.00026628433261066675 20
1780540180653 0.0030609052628278732 21
1780540189924 0.00034104535006918013 22
1780540198784 0.0005789384013041854 23
1780540207877 0.002621404128149152 24
1780540217151 -0.0010209028841927648 25
1780540226207 0.0021087778732180595 26
1780540235385 -0.006394651252776384 27
1780540244158 0.002090323017910123 28
1780540253159 0.0015328177250921726 29
1780540262175 -0.0027993302792310715 30
1780540270825 -0.0020630185026675463 31
1780540279941 -0.0016957827610895038 32
1780540288732 -0.00022880503092892468 33
1780540297934 0.0021905626635998487 34
1780540307028 0.0038484714459627867 35
1780540315861 0.0027819767128676176 36
1780540325050 0.0014594143722206354 37
1780540333728 0.0006636525504291058 38
1780540342959 -0.003152624936774373 39
1780540352026 0.0004156030190642923 40
1780540360862 -0.00040865078335627913 41
1780540369961 0.003374979365617037 42
1780540378754 0.003783043008297682 43
1780540388222 -0.0014100279659032822 44
1780540397317 0.0001631029590498656 45
1780540406062 0.005610615946352482 46
1780540414922 -0.003880169941112399 47
1780540423969 0.0004521929076872766 48
1780540433502 -0.0036643955390900373 49
1780540442818 0.004617966711521149 50
1780540451498 0.0030426366720348597 51
1780540460816 0.001499753794632852 52
1780540470038 0.0013142983661964536 53
1780540478865 0.0026413474697619677 54
1780540487847 0.0011135423555970192 55
1780540496474 -0.000552563345991075 56
1780540505381 0.0030471046920865774 57
1780540514216 0.0051174103282392025 58
1780540522707 0.002327292924746871 59
1780540531676 0.004767164122313261 60
1780540540345 0.0017840999644249678 61
1780540549301 0.0005234953132458031 62
1780540558455 0.0017394176684319973 63
1780540567227 0.002272595651447773 64
