1780540002576 0.32056563143610084 1
1780540011747 0.30705376474185264 2
1780540020321 0.29441218377128064 3
1780540029283 0.2482628609643149 4
1780540038080 0.23090211085969117 5
1780540047309 0.22235391518989295 6
1780540056249 0.21679891308180982 7
1780540064894 0.2124718682285153 8
1780540073908 0.20809885704546416 9
1780540082966 0.2065990157576715 10
1780540091734 0.20396995305361348 11
1780540100826 0.2006303035297789 12
1780540109539 0.19846206642596534 13
1780540118856 0.19601969603088984 14
1780540127754 0.19482485459138474 15
1780540136517 0.19246273118606144 16
1780540145398 0.19165639374117655 17
1780540154134 0.18973158318685576 18
1780540162991 0.1890447761812024 19
1780540171954 0.18818060360140765 20
1780540180653 0.18641683553700328 21
1780540189924 0.18561809432521087 22
1780540198784 0.18456007819244477 23
1780540207877 0.18345149966587776 24
1780540217151 0.1823967279674172 25
1780540226207 0.1823265106756933 26
1780540235385 0.18186621869680458 27
1780540244158 0.17983813459170145 28
1780540253159 0.18037021205519196 29
1780540262175 0.17948224144941613 30
1780540270825 0.17872869320800883 31
1780540279941 0.17819441848901305 32
1780540288732 0.17798195989949253 33
1780540297934 0.17791710568820432 34
1780540307028 0.17754209295193613 35
1780540315861 0.17654155389648643 36
1780540325050 0.1758104224608353 37
1780540333728 0.17564358383683437 38
1780540342959 0.17513552979905853 39
1780540352026 0.17590129675659874 40
1780540360862 0.18052023724871472 41
1780540369961 0.17548423763409948 42
1780540378754 0.17333734972413045 43
1780540388222 0.17398846077420282 44
1780540397317 0.17255464026736206 45
1780540406062 0.17233495934768772 46
1780540414922 0.1721904970324204 47
1780540423969 0.1724210775704717 48
1780540433502 0.1718535562364383 49
1780540442818 0.17128605540814582 50
1780540451498 0.17062543396127602 51
1780540460816 0.16977010588036814 52
1780540470038 0.16976771124197543 53
1780540478865 0.1694825054135001 54
1780540487847 0.16941858783884808 55
1780540496474 0.16881059361947057 56
1780540505381 0.1682896794982793 57
1780540514216 0.16842749809875032 58
1780540522707 0.16740534876440716 59
1780540531676 0.168075971039062 60
1780540540345 0.16753474578176641 61
1780540549301 0.16688002954644948 62
1780540558455 0.16625229053798485 63
1780540567227 0.1668694545760763 64
