1780540002576 0.05329511687159538 1
1780540011747 0.05318045988678932 2
1780540020321 0.049506351351737976 3
1780540029283 0.047806233167648315 4
1780540038080 0.046160850673913956 5
1780540047309 0.04571009427309036 6
1780540056249 0.045230768620967865 7
1780540064894 0.04500650241971016 8
1780540073908 0.04486357420682907 9
1780540082966 0.044635239988565445 10
1780540091734 0.04447750002145767 11
1780540100826 0.04416909068822861 12
1780540109539 0.04373158514499664 13
1780540118856 0.04332850128412247 14
1780540127754 0.04343534633517265 15
1780540136517 0.042590755969285965 16
1780540145398 0.04234308749437332 17
1780540154134 0.04237528517842293 18
1780540162991 0.04152517765760422 19
1780540171954 0.041123341768980026 20
1780540180653 0.04137314483523369 21
1780540189924 0.04194647818803787 22
1780540198784 0.04126550257205963 23
1780540207877 0.041291285306215286 24
1780540217151 0.04099535569548607 25
1780540226207 0.0415077731013298 26
1780540235385 0.041228897869586945 27
1780540244158 0.04091474041342735 28
1780540253159 0.0409381203353405 29
1780540262175 0.0404532328248024 30
1780540270825 0.04070565477013588 31
1780540279941 0.0404667854309082 32
1780540288732 0.04044308140873909 33
1780540297934 0.04055729880928993 34
1780540307028 0.04053902626037598 35
1780540315861 0.040020983666181564 36
1780540325050 0.04046766087412834 37
1780540333728 0.04020112380385399 38
1780540342959 0.0405687652528286 39
1780540352026 0.040003083646297455 40
1780540360862 0.04102233424782753 41
1780540369961 0.040285080671310425 42
1780540378754 0.03965447470545769 43
1780540388222 0.0393722765147686 44
1780540397317 0.039281927049160004 45
1780540406062 0.039378322660923004 46
1780540414922 0.0390339158475399 47
1780540423969 0.038744326680898666 48
1780540433502 0.039437852799892426 49
1780540442818 0.03948710858821869 50
1780540451498 0.03917412832379341 51
1780540460816 0.03864848613739014 52
1780540470038 0.038189083337783813 53
1780540478865 0.03903130814433098 54
1780540487847 0.03863523527979851 55
1780540496474 0.038864266127347946 56
1780540505381 0.03892238065600395 57
1780540514216 0.03898600861430168 58
1780540522707 0.038571182638406754 59
1780540531676 0.03902997076511383 60
1780540540345 0.03890659660100937 61
1780540549301 0.03802420571446419 62
1780540558455 0.03847682476043701 63
1780540567227 0.03921179100871086 64
