1780066194867 0.0321500226855278 1
1780066198100 0.03124472126364708 2
1780066201354 0.02804272435605526 3
1780066204553 0.025920720770955086 4
1780066207739 0.02558472752571106 5
1780066210905 0.02423001639544964 6
1780066214013 0.023892853409051895 7
1780066217194 0.023488525301218033 8
1780066220425 0.023498613387346268 9
1780066223736 0.023716580122709274 10
1780066227012 0.023060239851474762 11
1780066230333 0.023023536428809166 12
1780066233590 0.022400882095098495 13
1780066236933 0.022696148604154587 14
1780066240254 0.022744305431842804 15
1780066243564 0.021963227540254593 16
1780066246771 0.02196604199707508 17
1780066250083 0.02205192670226097 18
1780066253286 0.02164444886147976 19
1780066256490 0.021374573931097984 20
1780066259702 0.021420050412416458 21
1780066263023 0.021492626518011093 22
1780066266441 0.021104656159877777 23
1780066269773 0.021188318729400635 24
1780066273002 0.021451858803629875 25
1780066276380 0.02112416736781597 26
1780066279656 0.021303456276655197 27
1780066283119 0.021205924451351166 28
1780066286663 0.021792152896523476 29
1780066290172 0.02088765613734722 30
1780066293687 0.020732499659061432 31
1780066297231 0.020717104896903038 32
1780066300760 0.020614327862858772 33
1780066304310 0.020799847319722176 34
1780066307813 0.02078336849808693 35
1780066311142 0.020398102700710297 36
1780066314356 0.02047782577574253 37
1780066317548 0.020340440794825554 38
1780066320734 0.020211922004818916 39
1780066323900 0.0201899204403162 40
1780066327141 0.020127492025494576 41
1780066330358 0.01997334323823452 42
1780066333499 0.020422302186489105 43
1780066336659 0.020105766132473946 44
1780066339855 0.020141487941145897 45
1780066343098 0.019770672544836998 46
1780066346420 0.019921837374567986 47
1780066349734 0.020367581397294998 48
1780066352960 0.01995311863720417 49
1780066356289 0.019693562760949135 50
1780066359641 0.020200707018375397 51
1780066362923 0.01980811357498169 52
1780066366240 0.01964642107486725 53
1780066369534 0.01988338679075241 54
1780066372709 0.019510997459292412 55
1780066375901 0.019915375858545303 56
1780066379090 0.019255440682172775 57
1780066382274 0.019868474453687668 58
1780066385485 0.019502364099025726 59
1780066388681 0.019570298492908478 60
1780066391859 0.019415250048041344 61
1780066395015 0.019333843141794205 62
1780066398212 0.019548790529370308 63
1780066401574 0.019676189869642258 64
1780066405113 0.01911800354719162 65
1780066408649 0.019052578136324883 66
1780066412123 0.019169213250279427 67
1780066415568 0.019116465002298355 68
1780066419085 0.019709903746843338 69
1780066422570 0.019015396013855934 70
1780066426067 0.019231310114264488 71
1780066429599 0.019116235896945 72
1780066432828 0.019019197672605515 73
1780066436049 0.01885093003511429 74
1780066439276 0.019007770344614983 75
1780066442446 0.018910648301243782 76
1780066445667 0.01895211450755596 77
1780066448898 0.018597133457660675 78
1780066452119 0.018975423648953438 79
1780066455374 0.019521407783031464 80
1780066458596 0.018619874492287636 81
1780066461921 0.018778560683131218 82
1780066465221 0.018415117636322975 83
1780066468512 0.018845675513148308 84
1780066471805 0.018680626526474953 85
1780066475078 0.018820088356733322 86
1780066478401 0.01876312494277954 87
1780066481763 0.018391750752925873 88
1780066485119 0.018361464142799377 89
1780066488435 0.018467994406819344 90
1780066491699 0.01815735548734665 91
1780066494972 0.018344955518841743 92
1780066498183 0.018459277227520943 93
1780066501424 0.018411822617053986 94
1780066504674 0.018347879871726036 95
1780066507861 0.018475931137800217 96
1780066511056 0.01802206039428711 97
1780066514289 0.018315549939870834 98
1780066517598 0.019041797146201134 99
1780066520893 0.018006224185228348 100
