1780066194867 0.3338292723415266 1
1780066198100 0.32208240873339816 2
1780066201354 0.3089200781370822 3
1780066204553 0.26765779182157357 4
1780066207739 0.24918925374683315 5
1780066210905 0.24207550080111112 6
1780066214013 0.23756165667013687 7
1780066217194 0.23145210150684414 8
1780066220425 0.2284938746287505 9
1780066223736 0.22457431020494747 10
1780066227012 0.2223404019787498 11
1780066230333 0.21989034722710765 12
1780066233590 0.21905591504266347 13
1780066236933 0.21660862345618628 14
1780066240254 0.215926439641142 15
1780066243564 0.21407453887495378 16
1780066246771 0.21306890247677143 17
1780066250083 0.21089094205430647 18
1780066253286 0.20920375363613788 19
1780066256490 0.20851451904369206 20
1780066259702 0.2072192746318924 21
1780066263023 0.20575326147152556 22
1780066266441 0.20462397359957402 23
1780066269773 0.20415497560203705 24
1780066273002 0.20392580606027588 25
1780066276380 0.20271052812358037 26
1780066279656 0.20235804333715812 27
1780066283119 0.20205429368839456 28
1780066286663 0.200660580914885 29
1780066290172 0.19984977836494214 30
1780066293687 0.1998147439471511 31
1780066297231 0.19831256110055753 32
1780066300760 0.19780254119861454 33
1780066304310 0.19666370417899107 34
1780066307813 0.19706670866676668 35
1780066311142 0.19620543356835213 36
1780066314356 0.19536147913235943 37
1780066317548 0.19478838987664238 38
1780066320734 0.1944738683974012 39
1780066323900 0.19431785391702713 40
1780066327141 0.19343427871107802 41
1780066330358 0.19239976352383925 42
1780066333499 0.19196725616243374 43
1780066336659 0.19146176611898313 44
1780066339855 0.1910090704722208 45
1780066343098 0.19133871867780203 46
1780066346420 0.18989945487385068 47
1780066349734 0.19041813276786884 48
1780066352960 0.18955841544724167 49
1780066356289 0.18887691795983474 50
1780066359641 0.18876679110130096 51
1780066362923 0.18802224325673778 52
1780066366240 0.18757676120540304 53
1780066369534 0.1870225558084993 54
1780066372709 0.18663224633034894 55
1780066375901 0.18650376702211877 56
1780066379090 0.186319940839648 57
1780066382274 0.1853382002727678 58
1780066385485 0.18524071114259844 59
1780066388681 0.18521204972777508 60
1780066391859 0.18417993296591476 61
1780066395015 0.18376138603933015 62
1780066398212 0.18346988925627625 63
1780066401574 0.1832879698396233 64
1780066405113 0.18268083590407705 65
1780066408649 0.18245409948881283 66
1780066412123 0.1821330891681902 67
1780066415568 0.18217715359515418 68
1780066419085 0.1806625430226074 69
1780066422570 0.18126207928765903 70
1780066426067 0.18095167723127953 71
1780066429599 0.18038775262287002 72
1780066432828 0.18040836002307511 73
1780066436049 0.17958563915109282 74
1780066439276 0.17941643178746514 75
1780066442446 0.1784764116051081 76
1780066445667 0.17925839142649422 77
1780066448898 0.17827783112294074 78
1780066452119 0.17893333161293073 79
1780066455374 0.17881296143471312 80
1780066458596 0.17845141913655194 81
1780066461921 0.1771687367895567 82
1780066465221 0.17694170540690926 83
1780066468512 0.17611452362974653 84
1780066471805 0.17638073038569715 85
1780066475078 0.17646504242768626 86
1780066478401 0.1763846408536394 87
1780066481763 0.17523115685103308 88
1780066485119 0.17510585960229152 89
1780066488435 0.1755690515891946 90
1780066491699 0.17612118263734824 91
1780066494972 0.17396241672982876 92
1780066498183 0.1734045937925136 93
1780066501424 0.17395705697431876 94
1780066504674 0.17421882708279327 95
1780066507861 0.1741469127399725 96
1780066511056 0.1734623983108594 97
1780066514289 0.1738433548845902 98
1780066517598 0.17395124513553514 99
1780066520893 0.1721539317332917 100
