1780066194867 0.0027822372503578663 1
1780066198100 -0.00196320959366858 2
1780066201354 0.0007835421129129827 3
1780066204553 0.0021871086210012436 4
1780066207739 -0.0023810642305761576 5
1780066210905 -0.002431399654597044 6
1780066214013 0.0005146347684785724 7
1780066217194 -0.0006327166920527816 8
1780066220425 0.0019886724185198545 9
1780066223736 0.002183501375839114 10
1780066227012 -0.0016709428746253252 11
1780066230333 -0.0022159593645483255 12
1780066233590 0.003754217876121402 13
1780066236933 0.005514466669410467 14
1780066240254 0.0005652307299897075 15
1780066243564 -0.0010454198345541954 16
1780066246771 0.0036231945268809795 17
1780066250083 0.00041367055382579565 18
1780066253286 -5.349433558876626e-05 19
1780066256490 0.000784076692070812 20
1780066259702 -0.0018552652327343822 21
1780066263023 0.0013150733429938555 22
1780066266441 0.0002560742723289877 23
1780066269773 0.0020113296341151 24
1780066273002 0.000583859218750149 25
1780066276380 -0.0004726640763692558 26
1780066279656 0.0035254773683845997 27
1780066283119 -0.000925791566260159 28
1780066286663 -0.005211791954934597 29
1780066290172 0.0015412281500175595 30
1780066293687 0.0009042382007464767 31
1780066297231 -0.00035695868427865207 32
1780066300760 0.00011112403444712982 33
1780066304310 -0.0026241072919219732 34
1780066307813 0.00022414285922423005 35
1780066311142 0.0025348649360239506 36
1780066314356 -0.0009192763827741146 37
1780066317548 7.890153938205913e-05 38
1780066320734 -0.0006151673733256757 39
1780066323900 0.0007162715774029493 40
1780066327141 -0.0014365586685016751 41
1780066330358 -0.0002640954917296767 42
1780066333499 0.002108171582221985 43
1780066336659 0.0014837776543572545 44
1780066339855 0.002614514669403434 45
1780066343098 -0.0001263734739040956 46
1780066346420 0.0033465856686234474 47
1780066349734 0.003690349869430065 48
1780066352960 0.0006393662770278752 49
1780066356289 0.002181055722758174 50
1780066359641 0.004517905879765749 51
1780066362923 -0.00028355364338494837 52
1780066366240 -0.00011122650903416798 53
1780066369534 0.0011514262296259403 54
1780066372709 0.0014550775522366166 55
1780066375901 0.004823809955269098 56
1780066379090 0.0008201197488233447 57
1780066382274 0.0014436270575970411 58
1780066385485 0.000992723973467946 59
1780066388681 -0.0020387223921716213 60
1780066391859 0.002266748808324337 61
1780066395015 0.004006990231573582 62
1780066398212 -0.0028045272920280695 63
1780066401574 -0.0006171998684294522 64
1780066405113 0.0005471801850944757 65
1780066408649 -0.0005224948399700224 66
1780066412123 -0.002376372227445245 67
1780066415568 0.002184234792366624 68
1780066419085 0.0011607757769525051 69
1780066422570 0.0027686425019055605 70
1780066426067 -0.001054877880960703 71
1780066429599 -0.0002821072412189096 72
1780066432828 0.002089729765430093 73
1780066436049 0.0029657294508069754 74
1780066439276 0.003098385175690055 75
1780066442446 0.0013561185915023088 76
1780066445667 -0.0014582115691155195 77
1780066448898 -0.0013692552456632257 78
1780066452119 0.0019261284032836556 79
1780066455374 -0.0007905767997726798 80
1780066458596 0.001885184901766479 81
1780066461921 -0.0007836470031179488 82
1780066465221 -0.0006820012931711972 83
1780066468512 -0.0030447649769484997 84
1780066471805 0.0003701451641973108 85
1780066475078 0.0006455081747844815 86
1780066478401 0.0019159751245751977 87
1780066481763 -7.673871732549742e-05 88
1780066485119 -0.0005172428791411221 89
1780066488435 -8.86918933247216e-05 90
1780066491699 0.0014042999828234315 91
1780066494972 -0.0012115597492083907 92
1780066498183 0.002177944639697671 93
1780066501424 0.0008827362325973809 94
1780066504674 0.0015662612859159708 95
1780066507861 0.0024768251460045576 96
1780066511056 0.0005780463689006865 97
1780066514289 0.0033513810485601425 98
1780066517598 -0.004556699655950069 99
1780066520893 0.001062137191183865 100
