1780066194867 0.052443552762269974 1
1780066198100 0.051616162061691284 2
1780066201354 0.04924178496003151 3
1780066204553 0.046670977026224136 4
1780066207739 0.04586772620677948 5
1780066210905 0.04495229199528694 6
1780066214013 0.04421021044254303 7
1780066217194 0.04411928355693817 8
1780066220425 0.04345646873116493 9
1780066223736 0.04407478868961334 10
1780066227012 0.043377798050642014 11
1780066230333 0.043096400797367096 12
1780066233590 0.042573440819978714 13
1780066236933 0.04307576268911362 14
1780066240254 0.042664118111133575 15
1780066243564 0.0418231301009655 16
1780066246771 0.04187416657805443 17
1780066250083 0.041634079068899155 18
1780066253286 0.04093126952648163 19
1780066256490 0.04103425145149231 20
1780066259702 0.04120276868343353 21
1780066263023 0.041338250041007996 22
1780066266441 0.040545713156461716 23
1780066269773 0.040365662425756454 24
1780066273002 0.040892407298088074 25
1780066276380 0.04031433165073395 26
1780066279656 0.04090544953942299 27
1780066283119 0.0407085157930851 28
1780066286663 0.040494807064533234 29
1780066290172 0.0404147207736969 30
1780066293687 0.04009653627872467 31
1780066297231 0.04003177210688591 32
1780066300760 0.039840854704380035 33
1780066304310 0.04000623896718025 34
1780066307813 0.04017654061317444 35
1780066311142 0.03992987796664238 36
1780066314356 0.039378177374601364 37
1780066317548 0.03992145135998726 38
1780066320734 0.039230868220329285 39
1780066323900 0.03944803774356842 40
1780066327141 0.03901059180498123 41
1780066330358 0.03915487229824066 42
1780066333499 0.03903207927942276 43
1780066336659 0.03875686228275299 44
1780066339855 0.03883054479956627 45
1780066343098 0.03879150375723839 46
1780066346420 0.03840027004480362 47
1780066349734 0.03870634362101555 48
1780066352960 0.03884153440594673 49
1780066356289 0.038390908390283585 50
1780066359641 0.03855280205607414 51
1780066362923 0.03816971182823181 52
1780066366240 0.03761952370405197 53
1780066369534 0.03834204003214836 54
1780066372709 0.037772029638290405 55
1780066375901 0.03803027421236038 56
1780066379090 0.037549301981925964 57
1780066382274 0.03809451311826706 58
1780066385485 0.03769560158252716 59
1780066388681 0.037517428398132324 60
1780066391859 0.037071652710437775 61
1780066395015 0.03712831065058708 62
1780066398212 0.03665914386510849 63
1780066401574 0.03669724240899086 64
1780066405113 0.03660527244210243 65
1780066408649 0.03649669885635376 66
1780066412123 0.03632349893450737 67
1780066415568 0.03698372468352318 68
1780066419085 0.03784846514463425 69
1780066422570 0.03590909764170647 70
1780066426067 0.03671635687351227 71
1780066429599 0.03657861053943634 72
1780066432828 0.036264557391405106 73
1780066436049 0.035570692270994186 74
1780066439276 0.03568676486611366 75
1780066442446 0.03496931865811348 76
1780066445667 0.03503723442554474 77
1780066448898 0.03517058864235878 78
1780066452119 0.03582343831658363 79
1780066455374 0.03680047392845154 80
1780066458596 0.03554673492908478 81
1780066461921 0.035558201372623444 82
1780066465221 0.03444715589284897 83
1780066468512 0.03542281314730644 84
1780066471805 0.03425310552120209 85
1780066475078 0.034424155950546265 86
1780066478401 0.03621818125247955 87
1780066481763 0.034336600452661514 88
1780066485119 0.03417206183075905 89
1780066488435 0.03512997552752495 90
1780066491699 0.03460657224059105 91
1780066494972 0.03443042188882828 92
1780066498183 0.034101858735084534 93
1780066501424 0.035378068685531616 94
1780066504674 0.03445197269320488 95
1780066507861 0.033724989742040634 96
1780066511056 0.03389890491962433 97
1780066514289 0.033900484442710876 98
1780066517598 0.03415573388338089 99
1780066520893 0.03358440101146698 100
