                 run_id  duration_s  num_samples  start_temp  last_temp  nan_values     sample_file
run_1776723160_994c5aad 1198.605684          539   27.195850  -0.082417           0 run_samples.csv
run_1776725025_94f802a9 1198.399329          539   27.952314  -0.170563           0 run_samples.csv
run_1776726892_51be44ec 1197.168298          534   26.484083  -0.082417           0 run_samples.csv
run_1776728758_2240b3b7 1198.410862          539   27.729778  -0.434996           0 run_samples.csv
run_1776741556_00582455 1187.968127          529   25.505665  -0.038337           0 run_samples.csv
run_1776743431_db463ffe 1197.394446          537   27.329294  -0.611277           0 run_samples.csv
run_1776745299_400a4a40 1197.104105          537   28.140709  -0.523130           0 run_samples.csv
run_1776748719_5a30e401 1196.390397          537   26.484083  -0.082417           0 run_samples.csv
run_1776803282_ad50a4ac 1196.858931          538   25.016594  -0.258690           0 run_samples.csv
run_1776805147_3479c29e 1197.117753          537   25.816977  -0.302768           0 run_samples.csv
run_1776807723_33fa683a 1197.961994          539   25.327854  -0.214641           0 run_samples.csv
run_1776865410_5268c0e4 1192.279071          170   25.283371  -0.611277           0 run_samples.csv
run_1776876155_90e87d71 1196.906881          538   27.685289  -0.126483           0 run_samples.csv
run_1776882559_39c6151b 1188.779834          169   26.039339   0.005744           0 run_samples.csv
run_1776886175_f799f1ad 1197.637687          541   28.381048  -0.258690           0 run_samples.csv
run_1776896911_7ecefa2c 1198.180733          599   24.172047  -0.038337           0 run_samples.csv
run_1776898774_8b782021 1197.673319          599   28.044603  -0.434996           0 run_samples.csv
run_1776901967_e041991f 1197.802490          599   24.927698  -0.038337           0 run_samples.csv
run_1777145511_32391484 1196.955624          488   25.016594  -0.038337           0 run_samples.csv
run_1777147194_4d32bcf0 1197.461558          585   27.151344  -0.082417           0 run_samples.csv
run_1777148879_62f24233 1198.579612          599   27.151344   0.005744           0 run_samples.csv
run_1777150562_a42f9b3e 1198.576537          594   27.195850  -0.038337           0 run_samples.csv
run_1777152245_14d4a5ef 1197.451605          593   27.106865  -0.038337           0 run_samples.csv
run_1777153929_517947be 1197.475400          599   27.240334  -0.038337           0 run_samples.csv
run_1777155613_a3d5081a 1197.265258          598   27.284840  -0.038337           0 run_samples.csv
run_1777157297_365e8474 1196.877704          598   27.062386  -0.038337           0 run_samples.csv
run_1777158981_e2c98b3f 1198.096396          599   27.418320  -0.038337           0 run_samples.csv
run_1777160664_f1b68034 1197.181728          598   27.240334  -0.038337           0 run_samples.csv
run_1777165381_da72f5ca 1198.498749          598   26.172729  -0.038337           0 run_samples.csv
run_1777167065_350a6b5e 1197.079043          598   27.195850  -0.082417           0 run_samples.csv
run_1777168750_057d19f8 1198.273979          599   27.151344  -0.038337           0 run_samples.csv
run_1777170433_f92f2cf7 1197.900810          591   27.151344   0.049827           0 run_samples.csv
run_1777334382_4bf66d7d 1197.779520          599   25.238922   0.049827           0 run_samples.csv
run_1777336067_55bda11e 1196.784117          597   27.952314   0.093924           0 run_samples.csv
run_1777337751_eb90b8ed 1196.678053          597   27.907793   0.049827           0 run_samples.csv
run_1777339435_592a84a7 1197.065786          598   28.044603   0.093924           0 run_samples.csv
run_1777341120_7a7d22f9 1196.497947          598   27.952314   0.049827           0 run_samples.csv
run_1777361972_51ee8892 1197.374657          594   24.838810   0.049827           0 run_samples.csv
run_1777363658_36c1101b 1197.684407          598   29.582998   0.093924           0 run_samples.csv
run_1777365346_4de8a777 1193.129029          420   28.140709  -0.655349           0 run_samples.csv
run_1777367031_3c468042 1196.510036          464   27.373837  -0.699406           0 run_samples.csv
run_1777368719_17f1ca72 1189.372491          155   27.418320  -0.699406           0 run_samples.csv
run_1777421466_1381cbe8 1195.700398          597   25.150021   0.226161           0 run_samples.csv
run_1777423155_f6085e3f 1198.086406          599   31.555162  -0.082417           0 run_samples.csv
run_1777424838_3cb5c6c9 1198.060359          599   24.838810  -0.082417           0 run_samples.csv
run_1777426522_885b8ca2 1195.676587          598   27.462833   0.005744           0 run_samples.csv
run_1777428209_ac003420 1198.266139          599   27.952314   0.005744           0 run_samples.csv
run_1777429893_a818294b 1196.782463          595   25.772488   0.005744           0 run_samples.csv
run_1777431580_c49dcbc3 1197.605184          598   27.818754   0.005744           0 run_samples.csv
run_1777433265_3f7f13a2 1198.377935          599   27.863274   0.005744           0 run_samples.csv
run_1777434949_a2c64bf7 1197.174520          596   27.507317   0.005744           0 run_samples.csv
run_1777436634_862f94cc 1194.823057          595   28.044603   0.005744           0 run_samples.csv
run_1777443018_89808c98 1197.925112          445   25.816977   0.005744           0 run_samples.csv
run_1777444702_d1f9b426 1176.778311          389   27.774296   0.005744           0 run_samples.csv
run_1777446440_c3e64395 1195.409678          293   25.861433   0.049827           0 run_samples.csv
run_1777450214_076229ed 1196.121398          576   25.905922   0.005744           0 run_samples.csv
run_1777453584_f0af401c 1197.968317          597   25.594631  -0.038337           0 run_samples.csv
run_1777455270_ea5f7529 1197.927613          596   25.950356   0.005744           0 run_samples.csv
run_1777456956_e561b7c6 1198.454744          591   27.685289   0.005744           0 run_samples.csv
run_1777600200_2804c97f 1197.783701          599   25.194469  -0.611277           0 run_samples.csv
run_1777602064_7154439e 1197.045265          598   24.216515  -0.567204           0 run_samples.csv
run_1777610224_40349378 1197.870352          598   24.972172  -0.655349           0 run_samples.csv
run_1777925956_723af351 1196.909725          540   24.349833  -0.655349           0 run_samples.csv
run_1777941047_2e5b7769 1197.485498          599   25.016594  -0.126483           0 run_samples.csv
run_1777942732_01cc2724 1197.174733          596   29.631075   0.005744           0 run_samples.csv
run_1777944418_5e1043a2 1197.457380          599   25.505665  -0.258690           0 run_samples.csv
run_1777946105_db815618 1197.057556          591   30.641094  -0.082417           0 run_samples.csv
run_1777947791_35ea3699 1195.934501          597   24.972172   0.005744           0 run_samples.csv
run_1777949478_5d01c32f 1197.771853          596   29.486847  -0.038337           0 run_samples.csv
run_1777951165_52b81499 1197.657108          599   25.683575  -0.038337           0 run_samples.csv
val_1777551547_791c3041 1196.887765          597   27.462833  -0.082417           0 run_samples.csv
val_1777562880_c2a6280b 1196.995036          598   24.972172  -0.038337           0 run_samples.csv
val_1777564745_77ccf937 1198.090543          598   27.062386  -0.082417           0 run_samples.csv
val_1777566608_5f7205da 1197.940649          599   27.062386  -0.038337           0 run_samples.csv
val_1777568473_0e3b553e 1196.943144          598   27.017908   0.049827           0 run_samples.csv
val_1777570338_72eb8f7b 1197.901895          599   27.151344  -0.082417           0 run_samples.csv
val_1777572203_204c79d7 1196.937212          598   27.106865  -0.038337           0 run_samples.csv
val_1777574067_29107dcc 1197.944377          599   27.151344  -0.038337           0 run_samples.csv
val_1777577798_68967736 1197.885369          597   27.195850   0.005744           0 run_samples.csv
val_1777579663_b384ac56 1197.769688          595   27.151344  -0.038337           0 run_samples.csv

Totals:
  runs: 80
  samples: 44529
  nan_values: 0
  removed_nan_rows: 0
