1780533084488 0.034617625176906586 1
1780533093340 0.03376469016075134 2
1780533101964 0.03315164893865585 3
1780533110475 0.030073536559939384 4
1780533119430 0.02688451297581196 5
1780533128237 0.02594452165067196 6
1780533136944 0.025008592754602432 7
1780533145811 0.026479505002498627 8
1780533154503 0.024391187354922295 9
1780533163396 0.02422642521560192 10
1780533172243 0.023769423365592957 11
1780533180928 0.023633839562535286 12
1780533189853 0.02382671646773815 13
1780533198543 0.023478498682379723 14
1780533207455 0.02336839959025383 15
1780533216378 0.023194415494799614 16
1780533225045 0.02284754440188408 17
1780533234854 0.02339356765151024 18
1780533244153 0.022865837439894676 19
1780533253280 0.022568242624402046 20
1780533262407 0.022450830787420273 21
1780533271301 0.02258210815489292 22
1780533280319 0.02238941192626953 23
1780533288803 0.02233932353556156 24
1780533297719 0.022215230390429497 25
1780533306592 0.022522134706377983 26
1780533315210 0.022004498168826103 27
1780533323881 0.021742848679423332 28
1780533332593 0.02211676351726055 29
1780533341233 0.022320672869682312 30
1780533350246 0.02218511328101158 31
1780533359047 0.021483073011040688 32
1780533367913 0.022714978083968163 33
1780533376905 0.021924592554569244 34
1780533385914 0.021700432524085045 35
1780533394890 0.022194193676114082 36
1780533403661 0.02118546888232231 37
1780533412632 0.02163575030863285 38
1780533421130 0.021510668098926544 39
1780533429878 0.021656792610883713 40
1780533438834 0.021167196333408356 41
1780533447546 0.021330971270799637 42
1780533456622 0.021254906430840492 43
1780533465386 0.02152678556740284 44
1780533474142 0.02100670337677002 45
1780533483080 0.021197011694312096 46
1780533491683 0.020838215947151184 47
1780533500764 0.0211764108389616 48
1780533509599 0.02106689102947712 49
1780533518211 0.02107478491961956 50
1780533527126 0.020912781357765198 51
1780533535849 0.020650403574109077 52
1780533544802 0.020834801718592644 53
1780533553780 0.020676057785749435 54
1780533562453 0.020759372040629387 55
1780533571348 0.02066061645746231 56
1780533580144 0.02062259614467621 57
1780533589337 0.020512156188488007 58
1780533598201 0.02057485841214657 59
1780533606924 0.02091217413544655 60
1780533615874 0.020516525954008102 61
1780533624698 0.020325347781181335 62
1780533633719 0.020564226433634758 63
1780533642724 0.02054603397846222 64
1780533651346 0.020452892407774925 65
1780533660108 0.0205987598747015 66
1780533668754 0.02039279043674469 67
1780533677379 0.020284505560994148 68
1780533686192 0.02028040587902069 69
1780533694776 0.020303048193454742 70
1780533703631 0.02011481486260891 71
1780533712547 0.020189739763736725 72
1780533721434 0.020586680620908737 73
1780533730242 0.02016572840511799 74
1780533738958 0.02004631981253624 75
1780533747844 0.01988622359931469 76
1780533756655 0.02031940594315529 77
1780533765610 0.019901596009731293 78
1780533774423 0.02033119462430477 79
