1780533084488 0.0050073545426130295 1
1780533093340 -0.0035904687829315662 2
1780533101964 0.00551062636077404 3
1780533110475 0.003743775188922882 4
1780533119430 0.0027676078025251627 5
1780533128237 0.005207821726799011 6
1780533136944 0.0029472692403942347 7
1780533145811 -0.006801200099289417 8
1780533154503 0.0005091634811833501 9
1780533163396 8.05470408522524e-05 10
1780533172243 0.0033267636317759752 11
1780533180928 0.0017290207324549556 12
1780533189853 0.0023116187658160925 13
1780533198543 -0.0008247786900028586 14
1780533207455 0.0004963034298270941 15
1780533216378 -0.0023228100035339594 16
1780533225045 -0.0019189692102372646 17
1780533234854 0.0038856836035847664 18
1780533244153 -0.002058162819594145 19
1780533253280 0.0012155536096543074 20
1780533262407 0.0004981917445547879 21
1780533271301 -0.0034562633372843266 22
1780533280319 0.0029276893474161625 23
1780533288803 -0.0016484505031257868 24
1780533297719 0.003054191591218114 25
1780533306592 0.0005320893251337111 26
1780533315210 0.0007021260680630803 27
1780533323881 0.0004417884920258075 28
1780533332593 0.004164775833487511 29
1780533341233 0.0038404399529099464 30
1780533350246 -0.0023640734143555164 31
1780533359047 -0.00025392198585905135 32
1780533367913 0.006180869415402412 33
1780533376905 0.00024087315250653774 34
1780533385914 0.0032130649778991938 35
1780533394890 0.006691544316709042 36
1780533403661 -0.00031520778429694474 37
1780533412632 0.002995231421664357 38
1780533421130 0.0033112582750618458 39
1780533429878 0.0023473964538425207 40
1780533438834 0.0029254986438900232 41
1780533447546 -0.0006812719511799514 42
1780533456622 -0.002636997029185295 43
1780533465386 -0.00305002648383379 44
1780533474142 -0.0009496259153820574 45
1780533483080 0.004822320304811001 46
1780533491683 0.00022770260693505406 47
1780533500764 -0.0003037690185010433 48
1780533509599 -0.00037790980422869325 49
1780533518211 -0.0020584093872457743 50
1780533527126 0.0010934242745861411 51
1780533535849 0.0018408454488962889 52
1780533544802 0.00019663760031107813 53
1780533553780 -0.0008463608101010323 54
1780533562453 -0.0026886623818427324 55
1780533571348 -0.002132387598976493 56
1780533580144 -0.0014862454263493419 57
1780533589337 0.00010769466462079436 58
1780533598201 -0.0006740920944139361 59
1780533606924 0.0004627007292583585 60
1780533615874 0.00227846996858716 61
1780533624698 0.001267855754122138 62
1780533633719 0.002480804454535246 63
1780533642724 0.00139806664083153 64
1780533651346 -0.0024590662214905024 65
1780533660108 0.0010620375396683812 66
1780533668754 0.0013167972210794687 67
1780533677379 -0.00020273608970455825 68
1780533686192 0.0015309230657294393 69
1780533694776 -0.001900768605992198 70
1780533703631 0.00035357903107069433 71
1780533712547 0.0001978602958843112 72
1780533721434 1.5638910554116592e-05 73
1780533730242 0.003331174608319998 74
1780533738958 -0.001814920688048005 75
1780533747844 -0.000959955039434135 76
1780533756655 -3.8446796679636464e-05 77
1780533765610 0.0009937803260982037 78
1780533774423 -0.0014743910869583488 79
