1780533084488 0.25062996065539134 1
1780533093340 0.24021359655936494 2
1780533101964 0.23681602847953814 3
1780533110475 0.22843314953614405 4
1780533119430 0.19370867118880963 5
1780533128237 0.17119748401361012 6
1780533136944 0.16194927306871507 7
1780533145811 0.15849852769550127 8
1780533154503 0.1559431430082511 9
1780533163396 0.15331062304716978 10
1780533172243 0.15182847591384846 11
1780533180928 0.15004254960788643 12
1780533189853 0.14955903655092082 13
1780533198543 0.14683750805019075 14
1780533207455 0.14578864063725638 15
1780533216378 0.14448479395344624 16
1780533225045 0.14265846926491982 17
1780533234854 0.14262658234755263 18
1780533244153 0.141642676286587 19
1780533253280 0.1398121515889656 20
1780533262407 0.13921795096959552 21
1780533271301 0.1381427166812503 22
1780533280319 0.13714183613984784 23
1780533288803 0.1369545840931365 24
1780533297719 0.13596577105315888 25
1780533306592 0.13461223475265852 26
1780533315210 0.1340194532388986 27
1780533323881 0.13298377357756191 28
1780533332593 0.13208409992238063 29
1780533341233 0.13222312959021518 30
1780533350246 0.13122087938273758 31
1780533359047 0.13077756342463723 32
1780533367913 0.12994549326616803 33
1780533376905 0.12926942853303966 34
1780533385914 0.12926329647521484 35
1780533394890 0.12810992209541905 36
1780533403661 0.12782359346565825 37
1780533412632 0.12774903173494107 38
1780533421130 0.1270113009914066 39
1780533429878 0.12652386777000055 40
1780533438834 0.12653829482672274 41
1780533447546 0.1256412775516752 42
1780533456622 0.12497446504152954 43
1780533465386 0.12522793067339277 44
1780533474142 0.12402208975594185 45
1780533483080 0.123820445844548 46
1780533491683 0.1236668917933777 47
1780533500764 0.1235526261910203 48
1780533509599 0.12316857196033533 49
1780533518211 0.12284428802425545 50
1780533527126 0.12290432062650676 51
1780533535849 0.12198401193469642 52
1780533544802 0.12164241685603906 53
1780533553780 0.12172793719242686 54
1780533562453 0.12102224044108371 55
1780533571348 0.12092815904259972 56
1780533580144 0.12063686911903389 57
1780533589337 0.12027195148067102 58
1780533598201 0.12007436365688069 59
1780533606924 0.1196117025265163 60
1780533615874 0.11967127906365864 61
1780533624698 0.11889967745719258 62
1780533633719 0.1192301074353105 63
1780533642724 0.11824668817385535 64
1780533651346 0.1186164495006361 65
1780533660108 0.11807923626599517 66
1780533668754 0.1179710286938011 67
1780533677379 0.11737215509872723 68
1780533686192 0.11696904175933738 69
1780533694776 0.11725778545152357 70
1780533703631 0.11699812364508039 71
1780533712547 0.11638986750844046 72
1780533721434 0.11658888595567594 73
1780533730242 0.11572594947925338 74
1780533738958 0.11593727927555116 75
1780533747844 0.1158104691015909 76
1780533756655 0.11528378079254195 77
1780533765610 0.11496469103689605 78
1780533774423 0.11485714263530111 79
