1780533084488 0.05384521558880806 1
1780533093340 0.053829096257686615 2
1780533101964 0.05301927775144577 3
1780533110475 0.05016956478357315 4
1780533119430 0.04745372384786606 5
1780533128237 0.046146851032972336 6
1780533136944 0.045419298112392426 7
1780533145811 0.04609924554824829 8
1780533154503 0.04509156197309494 9
1780533163396 0.04473230987787247 10
1780533172243 0.0447317399084568 11
1780533180928 0.04444695636630058 12
1780533189853 0.0442039892077446 13
1780533198543 0.0442526713013649 14
1780533207455 0.04390683025121689 15
1780533216378 0.043660666793584824 16
1780533225045 0.043407972902059555 17
1780533234854 0.044089823961257935 18
1780533244153 0.04350629821419716 19
1780533253280 0.043226245790719986 20
1780533262407 0.04315730556845665 21
1780533271301 0.04290854558348656 22
1780533280319 0.04288041964173317 23
1780533288803 0.0428052581846714 24
1780533297719 0.042753200978040695 25
1780533306592 0.04270632937550545 26
1780533315210 0.04209815338253975 27
1780533323881 0.04195386543869972 28
1780533332593 0.04220883175730705 29
1780533341233 0.04234934598207474 30
1780533350246 0.04198870435357094 31
1780533359047 0.04141745716333389 32
1780533367913 0.042391467839479446 33
1780533376905 0.04156013950705528 34
1780533385914 0.04165918007493019 35
1780533394890 0.042003754526376724 36
1780533403661 0.04086652398109436 37
1780533412632 0.04130390286445618 38
1780533421130 0.04100476950407028 39
1780533429878 0.04072751849889755 40
1780533438834 0.04028239846229553 41
1780533447546 0.040660202503204346 42
1780533456622 0.0405275784432888 43
1780533465386 0.04066109284758568 44
1780533474142 0.040086325258016586 45
1780533483080 0.040620964020490646 46
1780533491683 0.040310099720954895 47
1780533500764 0.0405375212430954 48
1780533509599 0.04047549143433571 49
1780533518211 0.040054548531770706 50
1780533527126 0.039862968027591705 51
1780533535849 0.039965737611055374 52
1780533544802 0.039847083389759064 53
1780533553780 0.039423976093530655 54
1780533562453 0.03972020372748375 55
1780533571348 0.03960484638810158 56
1780533580144 0.0397295318543911 57
1780533589337 0.03949051350355148 58
1780533598201 0.039493709802627563 59
1780533606924 0.039587751030921936 60
1780533615874 0.039368558675050735 61
1780533624698 0.039133794605731964 62
1780533633719 0.03943433240056038 63
1780533642724 0.039241913706064224 64
1780533651346 0.0395178459584713 65
1780533660108 0.03945494443178177 66
1780533668754 0.0391562357544899 67
1780533677379 0.039429597556591034 68
1780533686192 0.03922688215970993 69
1780533694776 0.0389920175075531 70
1780533703631 0.03904792666435242 71
1780533712547 0.03903711959719658 72
1780533721434 0.03911074623465538 73
1780533730242 0.039086125791072845 74
1780533738958 0.03861211612820625 75
1780533747844 0.03840230405330658 76
1780533756655 0.03896598145365715 77
1780533765610 0.03853016719222069 78
1780533774423 0.039181824773550034 79
