1779920543735 0.17627048705305373 1
1779920545197 0.16232981311750935 2
1779920546324 0.16004869689816956 3
1779920547424 0.15736977109214761 4
1779920548457 0.13988546437614566 5
1779920549746 0.11982537846971344 6
1779920550868 0.1095479962180604 7
1779920552286 0.10601749913869324 8
1779920553544 0.10326144877043399 9
1779920554889 0.10132462076924659 10
1779920556122 0.09976647851558831 11
1779920557431 0.0989934510582096 12
1779920558616 0.09808433076346314 13
1779920559911 0.09724321400562486 14
1779920561022 0.09606206251287853 15
