1779920543735 0.0749785527586937 1
1779920545197 0.07539406418800354 2
1779920546324 0.07465283572673798 3
1779920547424 0.0742965042591095 4
1779920548457 0.07236787676811218 5
1779920549746 0.07109025120735168 6
1779920550868 0.07081595063209534 7
1779920552286 0.07073865830898285 8
1779920553544 0.07056421786546707 9
1779920554889 0.07017286866903305 10
1779920556122 0.0703059583902359 11
1779920557431 0.07080992311239243 12
1779920558616 0.06998609006404877 13
1779920559911 0.07017907500267029 14
1779920561022 0.06996283680200577 15
