1779920543735 0.0023710743989795446 1
1779920545197 -0.0053879451006650925 2
1779920546324 0.003176079597324133 3
1779920547424 -0.00014305254444479942 4
1779920548457 0.003368524368852377 5
1779920549746 0.0003239308425690979 6
1779920550868 0.0005136900581419468 7
1779920552286 0.004712009336799383 8
1779920553544 -0.0008874719496816397 9
1779920554889 -0.00023646850604563951 10
1779920556122 0.0007845292566344142 11
1779920557431 0.010785265825688839 12
1779920558616 0.003549581626430154 13
1779920559911 0.003978571388870478 14
1779920561022 -0.0024388895835727453 15
