1779920543735 0.029831118881702423 1
1779920545197 0.030361328274011612 2
1779920546324 0.03124161809682846 3
1779920547424 0.02900870144367218 4
1779920548457 0.026652105152606964 5
1779920549746 0.023699084296822548 6
1779920550868 0.02337985299527645 7
1779920552286 0.023034313693642616 8
1779920553544 0.022848261520266533 9
1779920554889 0.022401247173547745 10
1779920556122 0.022457482293248177 11
1779920557431 0.024101460352540016 12
1779920558616 0.02242167666554451 13
1779920559911 0.022893616929650307 14
1779920561022 0.021809974685311317 15
