1780067654389 0.28226750296782743 1
1780067657647 0.27296775740120427 2
1780067660908 0.25266161389318126 3
1780067664241 0.2113678778421299 4
1780067667542 0.19313034364839438 5
1780067670864 0.18690210283117617 6
1780067674152 0.18251926729152368 7
1780067677430 0.17999779823655557 8
1780067680694 0.1775147358928246 9
1780067683950 0.17609950352704298 10
1780067687210 0.17305135944302943 11
1780067690511 0.17159969296629282 12
1780067693737 0.1701955846796328 13
1780067696924 0.16929905628490147 14
1780067700182 0.16870115295714103 15
1780067703369 0.16655586767807823 16
1780067706523 0.16602135448860317 17
1780067709688 0.1647980121568822 18
1780067712862 0.16444886122174546 19
1780067716061 0.16353220499689686 20
1780067719181 0.16154737730390425 21
1780067722677 0.16162643537523882 22
1780067726211 0.16061688131843763 23
1780067729737 0.15941694544246282 24
1780067733256 0.15895768203802138 25
1780067736707 0.157670948993076 26
1780067740126 0.15735956285361508 27
1780067743687 0.155924299515264 28
1780067747135 0.15514649510635634 29
1780067750538 0.15599516250712928 30
1780067753783 0.154020738793856 31
1780067757148 0.16025579196202075 32
1780067760396 0.15370806817745053 33
1780067763563 0.15259245441277486 34
1780067766720 0.1523192127020616 35
1780067769946 0.15208556548737573 36
1780067773108 0.15200135761568712 37
1780067776258 0.1514178498335041 38
1780067779461 0.14955548327770596 39
1780067782777 0.15011813332490134 40
1780067786064 0.15016103556367863 41
1780067789351 0.14940186163871283 42
1780067792632 0.14907833573115048 43
1780067795913 0.1479618800981226 44
1780067799276 0.1484291205541024 45
