1780067654389 0.051865655928850174 1
1780067657647 0.0511365681886673 2
1780067660908 0.047574885189533234 3
1780067664241 0.045353882014751434 4
1780067667542 0.044476673007011414 5
1780067670864 0.043728046119213104 6
1780067674152 0.043650008738040924 7
1780067677430 0.04294964298605919 8
1780067680694 0.04220332205295563 9
1780067683950 0.042235225439071655 10
1780067687210 0.04227287322282791 11
1780067690511 0.04216399043798447 12
1780067693737 0.04167063906788826 13
1780067696924 0.0414733961224556 14
1780067700182 0.041028451174497604 15
1780067703369 0.041253991425037384 16
1780067706523 0.041431695222854614 17
1780067709688 0.04111413285136223 18
1780067712862 0.040684789419174194 19
1780067716061 0.04089415818452835 20
1780067719181 0.04082900285720825 21
1780067722677 0.04064488410949707 22
1780067726211 0.04030842334032059 23
1780067729737 0.04029078781604767 24
1780067733256 0.040134742856025696 25
1780067736707 0.04006800800561905 26
1780067740126 0.03992408141493797 27
1780067743687 0.03981465846300125 28
1780067747135 0.04023366421461105 29
1780067750538 0.03991105034947395 30
1780067753783 0.03954148665070534 31
1780067757148 0.039953283965587616 32
1780067760396 0.039849504828453064 33
1780067763563 0.04008522629737854 34
1780067766720 0.039296817034482956 35
1780067769946 0.040293917059898376 36
1780067773108 0.038853999227285385 37
1780067776258 0.03915822133421898 38
1780067779461 0.039300788193941116 39
1780067782777 0.03948463499546051 40
1780067786064 0.04041797295212746 41
1780067789351 0.038831498473882675 42
1780067792632 0.038532719016075134 43
1780067795913 0.038424860686063766 44
1780067799276 0.03910873085260391 45
