1780067654389 -0.0025012667756527662 1
1780067657647 0.0007702420116402209 2
1780067660908 -0.0004194455686956644 3
1780067664241 0.004476988688111305 4
1780067667542 -0.002912809606641531 5
1780067670864 0.003039868548512459 6
1780067674152 -0.0005582405137829483 7
1780067677430 0.003883992088958621 8
1780067680694 0.0027824384160339832 9
1780067683950 0.0025401590391993523 10
1780067687210 0.003825993277132511 11
1780067690511 0.005734537728130817 12
1780067693737 0.0024756477214396 13
1780067696924 -0.0031242351979017258 14
1780067700182 -0.0017774897860363126 15
1780067703369 0.003871322376653552 16
1780067706523 0.0009368514874950051 17
1780067709688 -0.0001730239309836179 18
1780067712862 0.00189670838881284 19
1780067716061 0.0014060557587072253 20
1780067719181 0.005220955237746239 21
1780067722677 -0.004438683390617371 22
1780067726211 -0.0025263966526836157 23
1780067729737 0.0014566591707989573 24
1780067733256 -0.0025352698285132647 25
1780067736707 -0.0006986287189647555 26
1780067740126 0.00028215357451699674 27
1780067743687 -0.0017377049662172794 28
1780067747135 0.0016374326078221202 29
1780067750538 0.004896765574812889 30
1780067753783 0.00010335660044802353 31
1780067757148 0.0030908354092389345 32
1780067760396 0.002852184697985649 33
1780067763563 0.004826505668461323 34
1780067766720 0.0022459987085312605 35
1780067769946 0.006526867859065533 36
1780067773108 -2.6534980861470103e-05 37
1780067776258 0.001860281452536583 38
1780067779461 0.0019864400383085012 39
1780067782777 0.004701573401689529 40
1780067786064 -0.0005363218951970339 41
1780067789351 0.0024827313609421253 42
1780067792632 -0.0014319269685074687 43
1780067795913 0.0010784975020214915 44
1780067799276 -0.0035573861096054316 45
