1780067654389 0.0316992811858654 1
1780067657647 0.03252745792269707 2
1780067660908 0.027109520509839058 3
1780067664241 0.025337494909763336 4
1780067667542 0.02492527663707733 5
1780067670864 0.023852305486798286 6
1780067674152 0.023831916972994804 7
1780067677430 0.02369660884141922 8
1780067680694 0.023099416866898537 9
1780067683950 0.022725723683834076 10
1780067687210 0.02297247014939785 11
1780067690511 0.023143187165260315 12
1780067693737 0.023225149139761925 13
1780067696924 0.022925283759832382 14
1780067700182 0.02242851071059704 15
1780067703369 0.022476771846413612 16
1780067706523 0.02235906571149826 17
1780067709688 0.022010497748851776 18
1780067712862 0.02190331742167473 19
1780067716061 0.022087138146162033 20
1780067719181 0.022849079221487045 21
1780067722677 0.022285765036940575 22
1780067726211 0.021521124988794327 23
1780067729737 0.021519990637898445 24
1780067733256 0.021501360461115837 25
1780067736707 0.021561073139309883 26
1780067740126 0.021681109443306923 27
1780067743687 0.021073196083307266 28
1780067747135 0.02153960056602955 29
1780067750538 0.021362926810979843 30
1780067753783 0.020818473771214485 31
1780067757148 0.02121121436357498 32
1780067760396 0.021082689985632896 33
1780067763563 0.02128114365041256 34
1780067766720 0.020978106185793877 35
1780067769946 0.021579621359705925 36
1780067773108 0.020516255870461464 37
1780067776258 0.020631710067391396 38
1780067779461 0.020911673083901405 39
1780067782777 0.0209332387894392 40
1780067786064 0.021567359566688538 41
1780067789351 0.020404430106282234 42
1780067792632 0.020350901409983635 43
1780067795913 0.020528629422187805 44
1780067799276 0.021346619352698326 45
