1780053032369 0.052494488656520844 1
1780053038421 0.051569536328315735 2
1780053044480 0.05148126929998398 3
1780053050624 0.051231399178504944 4
1780053056695 0.05118793994188309 5
1780053062832 0.05118947848677635 6
1780053069078 0.05113408714532852 7
1780053075299 0.05105307325720787 8
1780053081630 0.05120740830898285 9
1780053087873 0.051103923469781876 10
1780053094182 0.050996698439121246 11
1780053100543 0.050956711173057556 12
1780053106832 0.05094992741942406 13
1780053113081 0.051139675080776215 14
1780053119388 0.051013510674238205 15
1780053125641 0.051063839346170425 16
1780053131909 0.05099647492170334 17
1780053138248 0.05088202282786369 18
1780053144527 0.050841741263866425 19
1780053150811 0.05084117129445076 20
1780053157137 0.05087270215153694 21
1780053163378 0.05082648992538452 22
1780053169630 0.05085155740380287 23
1780053175954 0.050884902477264404 24
1780053182236 0.05081232637166977 25
1780053188511 0.05075134336948395 26
1780053194860 0.050858087837696075 27
1780053201138 0.05073967203497887 28
1780053207452 0.05073881894350052 29
1780053213832 0.05075196176767349 30
1780053220146 0.050668466836214066 31
1780053226437 0.0506676509976387 32
1780053232814 0.050677213817834854 33
1780053239083 0.05063782259821892 34
1780053245371 0.05064169690012932 35
1780053251723 0.050574447959661484 36
1780053258004 0.050482120364904404 37
1780053264298 0.05052388086915016 38
1780053270671 0.05050892010331154 39
1780053276955 0.050361376255750656 40
1780053283247 0.050347186625003815 41
1780053289599 0.050335001200437546 42
1780053295877 0.05028913915157318 43
1780053302165 0.05019976571202278 44
1780053308554 0.050211574882268906 45
1780053314842 0.05014480650424957 46
1780053321169 0.05007442459464073 47
1780053327587 0.05001337081193924 48
1780053333904 0.05000942200422287 49
1780053340279 0.04999025911092758 50
1780053346577 0.049850545823574066 51
1780053352884 0.049943212419748306 52
1780053359261 0.04993976652622223 53
1780053365539 0.04978133365511894 54
1780053371817 0.049763474613428116 55
1780053378188 0.04986313730478287 56
1780053384521 0.049651410430669785 57
1780053390834 0.04971729964017868 58
1780053397243 0.04959504306316376 59
1780053403564 0.049616262316703796 60
1780053409892 0.04964323341846466 61
1780053416290 0.04988349229097366 62
1780053422602 0.04975975677371025 63
1780053428912 0.04953109472990036 64
1780053435298 0.04954976961016655 65
1780053441616 0.04954006150364876 66
1780053447936 0.04959108307957649 67
1780053454328 0.049376003444194794 68
1780053460650 0.04950891435146332 69
1780053466950 0.04933452978730202 70
1780053473324 0.049375537782907486 71
1780053479637 0.0493452288210392 72
1780053485951 0.04920080676674843 73
1780053492325 0.04925568401813507 74
1780053498616 0.049258872866630554 75
1780053504886 0.04911275953054428 76
1780053511256 0.04923457279801369 77
1780053517551 0.049016740173101425 78
1780053523872 0.04891534522175789 79
1780053530255 0.048866890370845795 80
1780053536580 0.04883897304534912 81
1780053542881 0.0487058199942112 82
1780053549247 0.04860670119524002 83
1780053555524 0.04857329651713371 84
1780053561859 0.048519257456064224 85
1780053568280 0.048376500606536865 86
1780053574626 0.04827458783984184 87
1780053581036 0.04824265092611313 88
1780053587358 0.04807422310113907 89
1780053593722 0.04793690890073776 90
1780053600087 0.04788214713335037 91
1780053606422 0.04762287437915802 92
1780053612760 0.04738175496459007 93
1780053619190 0.04711150750517845 94
1780053625512 0.046748723834753036 95
1780053631858 0.046799689531326294 96
1780053638255 0.04647544026374817 97
1780053644602 0.04605745151638985 98
1780053650936 0.045907627791166306 99
1780053657332 0.04579498618841171 100
