1780053032369 0.03353346511721611 1
1780053038421 0.032422687858343124 2
1780053044480 0.03243691101670265 3
1780053050624 0.03169085085391998 4
1780053056695 0.03188364952802658 5
1780053062832 0.031977370381355286 6
1780053069078 0.03139844536781311 7
1780053075299 0.03148829936981201 8
1780053081630 0.031468670815229416 9
1780053087873 0.03181224688887596 10
1780053094182 0.03159711882472038 11
1780053100543 0.03144558519124985 12
1780053106832 0.031400006264448166 13
1780053113081 0.03158204257488251 14
1780053119388 0.03154323250055313 15
1780053125641 0.03141750767827034 16
1780053131909 0.031530436128377914 17
1780053138248 0.031367287039756775 18
1780053144527 0.03155536949634552 19
1780053150811 0.031683214008808136 20
1780053157137 0.03143269196152687 21
1780053163378 0.03129453957080841 22
1780053169630 0.0313231386244297 23
1780053175954 0.03151329979300499 24
1780053182236 0.03144976496696472 25
1780053188511 0.031344763934612274 26
1780053194860 0.03137451410293579 27
1780053201138 0.03151564672589302 28
1780053207452 0.031210068613290787 29
1780053213832 0.03189769759774208 30
1780053220146 0.031193116679787636 31
1780053226437 0.031931161880493164 32
1780053232814 0.03157254680991173 33
1780053239083 0.03143945708870888 34
1780053245371 0.03137625753879547 35
1780053251723 0.031186413019895554 36
1780053258004 0.03124174475669861 37
1780053264298 0.03140747547149658 38
1780053270671 0.03137725591659546 39
1780053276955 0.031280212104320526 40
1780053283247 0.03152221813797951 41
1780053289599 0.03138209879398346 42
1780053295877 0.03128187730908394 43
1780053302165 0.03159678727388382 44
1780053308554 0.031091464683413506 45
1780053314842 0.03098558634519577 46
1780053321169 0.03102918528020382 47
1780053327587 0.03102835826575756 48
1780053333904 0.03103097341954708 49
1780053340279 0.031067410483956337 50
1780053346577 0.03126641735434532 51
1780053352884 0.030940085649490356 52
1780053359261 0.03135175630450249 53
1780053365539 0.03122536465525627 54
1780053371817 0.031377386301755905 55
1780053378188 0.03091881424188614 56
1780053384521 0.03095582127571106 57
1780053390834 0.03166136518120766 58
1780053397243 0.031152009963989258 59
1780053403564 0.0309101901948452 60
1780053409892 0.03141229972243309 61
1780053416290 0.031034260988235474 62
1780053422602 0.031439002603292465 63
1780053428912 0.030751951038837433 64
1780053435298 0.031038906425237656 65
1780053441616 0.030944112688302994 66
1780053447936 0.03096114844083786 67
1780053454328 0.030771058052778244 68
1780053460650 0.030742399394512177 69
1780053466950 0.030966589227318764 70
1780053473324 0.030678056180477142 71
1780053479637 0.030630428344011307 72
1780053485951 0.03073974885046482 73
1780053492325 0.030854877084493637 74
1780053498616 0.030664337798953056 75
1780053504886 0.03080129250884056 76
1780053511256 0.030491042882204056 77
1780053517551 0.030557552352547646 78
1780053523872 0.030515363439917564 79
1780053530255 0.030368320643901825 80
1780053536580 0.03073895163834095 81
1780053542881 0.030291706323623657 82
1780053549247 0.030586613342165947 83
1780053555524 0.030217595398426056 84
1780053561859 0.030724897980690002 85
1780053568280 0.03014269843697548 86
1780053574626 0.030277876183390617 87
1780053581036 0.029874684289097786 88
1780053587358 0.029810819774866104 89
1780053593722 0.029940497130155563 90
1780053600087 0.029966315254569054 91
1780053606422 0.029368296265602112 92
1780053612760 0.029161810874938965 93
1780053619190 0.028827495872974396 94
1780053625512 0.028516290709376335 95
1780053631858 0.028475431725382805 96
1780053638255 0.028085242956876755 97
1780053644602 0.02765609882771969 98
1780053650936 0.02747359126806259 99
1780053657332 0.02764071337878704 100
