1780053032369 0.0010866359807550907 1
1780053038421 0.00023198268900159746 2
1780053044480 0.002834916114807129 3
1780053050624 -0.001045837183482945 4
1780053056695 0.0009201606153510511 5
1780053062832 0.0009104302152991295 6
1780053069078 -0.002237948589026928 7
1780053075299 -0.0006687199347652495 8
1780053081630 0.003053641179576516 9
1780053087873 0.0028457290027290583 10
1780053094182 0.0008338509942404926 11
1780053100543 0.0006323769339360297 12
1780053106832 0.0010640189284458756 13
1780053113081 -0.001452790922485292 14
1780053119388 -0.00041130639147013426 15
1780053125641 -0.0015525127528235316 16
1780053131909 0.0014658847358077765 17
1780053138248 0.0010522787924855947 18
1780053144527 0.0007341444725170732 19
1780053150811 -0.0001914562744786963 20
1780053157137 0.0008714852156117558 21
1780053163378 0.00023832835722714663 22
1780053169630 -0.00021497764100786299 23
1780053175954 -0.0020753778517246246 24
1780053182236 -0.0017607376212254167 25
1780053188511 -0.00010942726657958701 26
1780053194860 0.0008207391365431249 27
1780053201138 0.0006401072605513036 28
1780053207452 0.0005030942265875638 29
1780053213832 0.0007617395604029298 30
1780053220146 -0.0010167650179937482 31
1780053226437 0.0020030552987009287 32
1780053232814 0.00012939922453369945 33
1780053239083 -0.0013211375335231423 34
1780053245371 0.0010951139265671372 35
1780053251723 -0.0005726307281292975 36
1780053258004 -0.0012469495413824916 37
1780053264298 -0.000302399363135919 38
1780053270671 0.002145864302292466 39
1780053276955 0.0005563215236179531 40
1780053283247 0.0017147931503131986 41
1780053289599 -0.000653690192848444 42
1780053295877 0.0012270038714632392 43
1780053302165 0.001687023788690567 44
1780053308554 0.00033040635753422976 45
1780053314842 -0.00042393754119984806 46
1780053321169 0.0012956933351233602 47
1780053327587 -0.0013419183669611812 48
1780053333904 0.0011608866043388844 49
1780053340279 0.0012758192606270313 50
1780053346577 -0.0007173159392550588 51
1780053352884 -0.0009232736192643642 52
1780053359261 0.002408805536106229 53
1780053365539 0.0009818852413445711 54
1780053371817 0.0015611433191224933 55
1780053378188 0.0015440001152455807 56
1780053384521 -0.0002274662401759997 57
1780053390834 0.0015258725034072995 58
1780053397243 0.0005177671555429697 59
1780053403564 0.0016785305924713612 60
1780053409892 0.002184223849326372 61
1780053416290 0.0032489546574652195 62
1780053422602 0.003959253430366516 63
1780053428912 -0.0013461208436638117 64
1780053435298 0.002383626066148281 65
1780053441616 0.000760887167416513 66
1780053447936 0.0010706682223826647 67
1780053454328 3.862101584672928e-05 68
1780053460650 0.002119361190125346 69
1780053466950 -0.0004854108556173742 70
1780053473324 0.0007087782141752541 71
1780053479637 0.001010547042824328 72
1780053485951 0.0008037268416956067 73
1780053492325 -0.0018312787869945168 74
1780053498616 -0.0015922454185783863 75
1780053504886 -0.00016145191329997033 76
1780053511256 0.002611537231132388 77
1780053517551 0.00208266731351614 78
1780053523872 -3.6299497878644615e-05 79
1780053530255 0.0004956502234563231 80
1780053536580 0.0003624076780397445 81
1780053542881 -0.0007129680016078055 82
1780053549247 0.0009617113973945379 83
1780053555524 0.0007118448847904801 84
1780053561859 0.0021414931397885084 85
1780053568280 0.0005414615734480321 86
1780053574626 0.0019288486801087856 87
1780053581036 0.0015976623399183154 88
1780053587358 -0.00011950878251809627 89
1780053593722 0.0009252967429347336 90
1780053600087 0.002330995397642255 91
1780053606422 -0.0003929250524379313 92
1780053612760 -0.0008696631412021816 93
1780053619190 0.00022215239005163312 94
1780053625512 -0.0005330495769158006 95
1780053631858 0.0047693150117993355 96
1780053638255 0.0031329479534178972 97
1780053644602 3.831148205790669e-05 98
1780053650936 0.0013952323934063315 99
1780053657332 0.0027621507178992033 100
