1780053032369 0.17817877924643488 1
1780053038421 0.15168298771487007 2
1780053044480 0.1472704299580196 3
1780053050624 0.14605957046465531 4
1780053056695 0.14511611432088578 5
1780053062832 0.1440151217491818 6
1780053069078 0.14355046823935166 7
1780053075299 0.14345850132185697 8
1780053081630 0.14321017784031131 9
1780053087873 0.1426544482446421 10
1780053094182 0.14271819616671855 11
1780053100543 0.14260059865466654 12
1780053106832 0.14233170977876156 13
1780053113081 0.1421451617645312 14
1780053119388 0.1417349817129127 15
1780053125641 0.1420043217419069 16
1780053131909 0.14163964694436593 17
1780053138248 0.14155728747195837 18
1780053144527 0.14187799969428702 19
1780053150811 0.14152301816497673 20
1780053157137 0.14146933009855858 21
1780053163378 0.14122420074693262 22
1780053169630 0.14133495214996458 23
1780053175954 0.14116903029790911 24
1780053182236 0.14085018681951716 25
1780053188511 0.14115400467743852 26
1780053194860 0.14059897493335266 27
1780053201138 0.14087190067214805 28
1780053207452 0.14073549864915855 29
1780053213832 0.14050840246903745 30
1780053220146 0.14065980754069637 31
1780053226437 0.1403665750087062 32
1780053232814 0.14058205082949707 33
1780053239083 0.14002320135821772 34
1780053245371 0.14016930957006501 35
1780053251723 0.1398596959778025 36
1780053258004 0.13973778668586714 37
1780053264298 0.1395455873276614 38
1780053270671 0.1394523711961533 39
1780053276955 0.13912058706525005 40
1780053283247 0.13894852436293026 41
1780053289599 0.13894840659974497 42
1780053295877 0.1390426564757331 43
1780053302165 0.138449078245002 44
1780053308554 0.13857324770357035 45
1780053314842 0.13826244371601298 46
1780053321169 0.13817853238512193 47
1780053327587 0.13754582612574856 48
1780053333904 0.13738596357625246 49
1780053340279 0.13745327344172112 50
1780053346577 0.13716256656224216 51
1780053352884 0.1367839519170266 52
1780053359261 0.1371527497778462 53
1780053365539 0.13700955119062577 54
1780053371817 0.13813182529266374 55
1780053378188 0.1367900496985339 56
1780053384521 0.1368051212170959 57
1780053390834 0.13666026061597253 58
1780053397243 0.13613791254502308 59
1780053403564 0.1364268840365269 60
1780053409892 0.13615499704070233 61
1780053416290 0.13612876860778542 62
1780053422602 0.136100717171838 63
1780053428912 0.13568391767232227 64
1780053435298 0.13587391860625914 65
1780053441616 0.13559498194652267 66
1780053447936 0.135595644545203 67
1780053454328 0.1353887598725814 68
1780053460650 0.13528896151464195 69
1780053466950 0.13547377527263094 70
1780053473324 0.13520042771151297 71
1780053479637 0.13480668543260307 72
1780053485951 0.13460160053103282 73
1780053492325 0.1342229764547026 74
1780053498616 0.1344704604412936 75
1780053504886 0.13404780610578473 76
1780053511256 0.13383384133818782 77
1780053517551 0.13347057734109177 78
1780053523872 0.13332148345839626 79
1780053530255 0.13241908985351208 80
1780053536580 0.13268963206669449 81
1780053542881 0.132490338812649 82
1780053549247 0.13185032309359135 83
1780053555524 0.1309573348878808 84
1780053561859 0.13077544046856682 85
1780053568280 0.1307268506741222 86
1780053574626 0.1297953666388234 87
1780053581036 0.129411445985615 88
1780053587358 0.12864887704954872 89
1780053593722 0.1278877532431848 90
1780053600087 0.12706132777003798 91
1780053606422 0.12606631741242066 92
1780053612760 0.12455247160251634 93
1780053619190 0.12302094191815782 94
1780053625512 0.12045597916916956 95
1780053631858 0.11872523233986101 96
1780053638255 0.11647771273735706 97
1780053644602 0.11544230665209927 98
1780053650936 0.11337517183038252 99
1780053657332 0.11243880898514881 100
