1779921413557 0.07501208037137985 1
1779921418894 0.07544084638357162 2
1779921423904 0.0744466632604599 3
1779921428844 0.07371053099632263 4
1779921433712 0.0726897194981575 5
1779921438867 0.07159379869699478 6
1779921444125 0.0708899274468422 7
1779921449391 0.07089502364397049 8
1779921454551 0.07113081216812134 9
1779921459727 0.07054770737886429 10
1779921465020 0.07046234607696533 11
1779921470279 0.07142850011587143 12
1779921475409 0.07016994804143906 13
1779921480965 0.07006063312292099 14
1779921486466 0.0701599046587944 15
1779921491637 0.07023333758115768 16
1779921496645 0.06980288028717041 17
1779921501930 0.07021722197532654 18
1779921507439 0.06987345963716507 19
1779921512596 0.06993161141872406 20
1779921517936 0.06985575705766678 21
1779921522911 0.06960327178239822 22
1779921528126 0.06959836184978485 23
1779921533123 0.06944660097360611 24
1779921537955 0.06953243911266327 25
1779921542850 0.06939017027616501 26
1779921547967 0.06930774450302124 27
1779921552644 0.06942188739776611 28
1779921557268 0.06928643584251404 29
1779921562381 0.06957925856113434 30
1779921567137 0.069241002202034 31
1779921572193 0.06921330839395523 32
1779921577211 0.06934722512960434 33
1779921582401 0.06924112886190414 34
1779921587431 0.0690443366765976 35
1779921592535 0.06924963742494583 36
1779921597363 0.06945803016424179 37
1779921602175 0.06904363632202148 38
1779921607088 0.06931451708078384 39
1779921612377 0.06907439976930618 40
