1779921413557 0.0024035985115915537 1
1779921418894 -0.006270778365433216 2
1779921423904 -0.00343152298592031 3
1779921428844 0.0006088321679271758 4
1779921433712 -0.005190798547118902 5
1779921438867 0.0003634478198364377 6
1779921444125 -0.0005894536152482033 7
1779921449391 0.004104666877537966 8
1779921454551 -0.0006474778056144714 9
1779921459727 0.0005228791269473732 10
1779921465020 0.0011522870045155287 11
1779921470279 0.006041041109710932 12
1779921475409 -0.00025329465279355645 13
1779921480965 0.0015398364048451185 14
1779921486466 0.0010232598287984729 15
1779921491637 0.0007120248628780246 16
1779921496645 0.0016766906483098865 17
1779921501930 0.0007615062058903277 18
1779921507439 0.0005491927731782198 19
1779921512596 0.0004128539585508406 20
1779921517936 -0.001126640010625124 21
1779921522911 0.0011578587582334876 22
1779921528126 0.0006544870557263494 23
1779921533123 -0.0004181045514997095 24
1779921537955 0.0024311644956469536 25
1779921542850 -0.0010400897590443492 26
1779921547967 0.0023293914273381233 27
1779921552644 0.0022020929027348757 28
1779921557268 0.002786460565403104 29
1779921562381 0.002214310923591256 30
1779921567137 -0.00046574711450375617 31
1779921572193 -0.00020114939252380282 32
1779921577211 0.0031980620697140694 33
1779921582401 -0.000240365116042085 34
1779921587431 0.0018128840019926429 35
1779921592535 0.003302911762148142 36
1779921597363 -0.0005410951562225819 37
1779921602175 1.0839899005077314e-06 38
1779921607088 0.0024497865233570337 39
1779921612377 0.0011939434334635735 40
