1779921413557 0.029682017862796783 1
1779921418894 0.029241696000099182 2
1779921423904 0.02881806530058384 3
1779921428844 0.027690880000591278 4
1779921433712 0.02602582797408104 5
1779921438867 0.023659056052565575 6
1779921444125 0.02263561636209488 7
1779921449391 0.022987257689237595 8
1779921454551 0.02274835668504238 9
1779921459727 0.021772975102066994 10
1779921465020 0.02182539366185665 11
1779921470279 0.02347487583756447 12
1779921475409 0.022187793627381325 13
1779921480965 0.02129235304892063 14
1779921486466 0.02100737951695919 15
1779921491637 0.021446991711854935 16
1779921496645 0.02070288360118866 17
1779921501930 0.021001512184739113 18
1779921507439 0.02081705629825592 19
1779921512596 0.021033011376857758 20
1779921517936 0.020601630210876465 21
1779921522911 0.020590944215655327 22
1779921528126 0.02066742442548275 23
1779921533123 0.019935142248868942 24
1779921537955 0.020797565579414368 25
1779921542850 0.020153352990746498 26
1779921547967 0.02005527913570404 27
1779921552644 0.019940238445997238 28
1779921557268 0.019963569939136505 29
1779921562381 0.020116548985242844 30
1779921567137 0.01984318718314171 31
1779921572193 0.019753850996494293 32
1779921577211 0.019751211628317833 33
1779921582401 0.020205367356538773 34
1779921587431 0.01963442750275135 35
1779921592535 0.019670821726322174 36
1779921597363 0.020401233807206154 37
1779921602175 0.019503425806760788 38
1779921607088 0.01952192559838295 39
1779921612377 0.01977013610303402 40
