1779921413557 0.258261670812595 1
1779921418894 0.24937757529503057 2
1779921423904 0.24736134863917822 3
1779921428844 0.24024655520094984 4
1779921433712 0.21778991054897465 5
1779921438867 0.19720173063726465 6
1779921444125 0.18826349996050856 7
1779921449391 0.18277220676342645 8
1779921454551 0.18112303417165745 9
1779921459727 0.17811925285406022 10
1779921465020 0.17677993962628455 11
1779921470279 0.17386401489828573 12
1779921475409 0.17246528897567887 13
1779921480965 0.1707150486218371 14
1779921486466 0.1696298396722837 15
1779921491637 0.16800418506394404 16
1779921496645 0.16735813039106115 17
1779921501930 0.16644636896687762 18
1779921507439 0.16526180526277578 19
1779921512596 0.16441646626747672 20
1779921517936 0.16379525663315758 21
1779921522911 0.16284945543557816 22
1779921528126 0.16178420370767924 23
1779921533123 0.1611417786272104 24
1779921537955 0.16084799061711497 25
1779921542850 0.16073976309338878 26
1779921547967 0.15967827345714097 27
1779921552644 0.15906597621554186 28
1779921557268 0.1577291191855738 29
1779921562381 0.15750876666346858 30
1779921567137 0.1570635880074225 31
1779921572193 0.1566954656983867 32
1779921577211 0.15641164550809164 33
1779921582401 0.15659728143415502 34
1779921587431 0.15583744353663495 35
1779921592535 0.15539689995245828 36
1779921597363 0.15501471133723074 37
1779921602175 0.1545673842765083 38
1779921607088 0.15419686007885566 39
1779921612377 0.15422985029532563 40
