1780065797123 0.3123266989125006 1
1780065800499 0.30459225087979885 2
1780065804024 0.3015230722552122 3
1780065807550 0.29215556143706245 4
1780065811100 0.25169240798305004 5
1780065814645 0.2313662944460016 6
1780065818176 0.2237007305120565 7
1780065821664 0.21763866377431293 8
1780065825175 0.2136125707916175 9
1780065828652 0.21047405892270313 10
1780065831923 0.20891100910135857 11
1780065835081 0.2064791800371562 12
1780065838300 0.20532342882917498 13
1780065841567 0.20444100380069863 14
1780065844786 0.20227350549768444 15
1780065847992 0.20049246320260755 16
1780065851169 0.19954185143711703 17
1780065854391 0.19796132057684673 18
1780065857617 0.19681629966196248 19
1780065860870 0.1968684842530441 20
1780065864131 0.1949245921290828 21
1780065867400 0.19285411759423404 22
1780065870708 0.19259144738316536 23
1780065874035 0.19161782027015475 24
1780065877331 0.19099111354911807 25
1780065880665 0.18908095127463845 26
1780065883936 0.18891903413085553 27
1780065887207 0.1875706183434667 28
1780065890520 0.187292582719699 29
1780065893735 0.1854225880767654 30
1780065896971 0.18536747419462396 31
1780065900177 0.18515866219083804 32
1780065903406 0.18378180473349814 33
1780065906630 0.18280013404140766 34
1780065909807 0.1819913235057862 35
1780065912995 0.1816436789662087 36
1780065916236 0.18086609154167815 37
1780065919438 0.18055990283194354 38
1780065923009 0.1803237852457336 39
1780065926525 0.17828413556639033 40
1780065929996 0.17891543075032768 41
1780065933517 0.17880282272244105 42
1780065936997 0.1778061818528377 43
1780065940443 0.17746500106209429 44
1780065943963 0.17681583798397923 45
1780065947502 0.17650444488224218 46
1780065950877 0.1762863202197733 47
1780065954049 0.17487777103266303 48
1780065957224 0.17416388446949502 49
1780065960420 0.17470023496741977 50
1780065963611 0.17386637361086196 51
1780065966773 0.1735406590598078 52
1780065969958 0.17344611057771436 53
1780065973147 0.17272598571272027 54
1780065976346 0.17290315767612316 55
1780065979495 0.1719714777729224 56
1780065982782 0.17164711339151129 57
1780065986057 0.17077630416472417 58
1780065989435 0.17040543867783112 59
1780065992814 0.17010910599541715 60
1780065996103 0.1707668815351566 61
1780065999436 0.16941922298193482 62
1780066002749 0.16943322821474982 63
1780066006023 0.1697375641517483 64
1780066009282 0.16896690903172432 65
1780066012500 0.1688847495577678 66
1780066015699 0.16838619223230736 67
1780066018887 0.16786349268657713 68
1780066022103 0.16751110148133738 69
1780066025322 0.1678553247395076 70
1780066028525 0.166499649975882 71
1780066031637 0.1669489375490845 72
1780066034847 0.16632706646750392 73
1780066038036 0.1654992586367982 74
1780066041519 0.1660231652632198 75
1780066045012 0.1645714378035598 76
1780066048509 0.16483519760297166 77
1780066052066 0.16443555813133087 78
1780066055562 0.16390849182079004 79
1780066059104 0.16385620403207884 80
1780066062595 0.1631740710321995 81
1780066066089 0.16284988051867133 82
1780066069610 0.16308228853483533 83
1780066072847 0.16279984786948998 84
1780066075997 0.16383326375742796 85
1780066079226 0.1622245155400882 86
1780066082483 0.16171817944619418 87
1780066085645 0.16143841145217544 88
1780066088853 0.16154751038261497 89
1780066092044 0.16094288164572534 90
