1780065797123 0.051872797310352325 1
1780065800499 0.051546066999435425 2
1780065804024 0.05137590691447258 3
1780065807550 0.049080945551395416 4
1780065811100 0.04641875997185707 5
1780065814645 0.04460974037647247 6
1780065818176 0.04465585574507713 7
1780065821664 0.0440249927341938 8
1780065825175 0.04344360902905464 9
1780065828652 0.04384053498506546 10
1780065831923 0.04263333976268768 11
1780065835081 0.0429021455347538 12
1780065838300 0.042793236672878265 13
1780065841567 0.04271922633051872 14
1780065844786 0.04210890829563141 15
1780065847992 0.04183972626924515 16
1780065851169 0.041698917746543884 17
1780065854391 0.04136662185192108 18
1780065857617 0.04112323373556137 19
1780065860870 0.0413779616355896 20
1780065864131 0.04114980250597 21
1780065867400 0.04116400331258774 22
1780065870708 0.04082860052585602 23
1780065874035 0.040388114750385284 24
1780065877331 0.041086092591285706 25
1780065880665 0.040327008813619614 26
1780065883936 0.040708333253860474 27
1780065887207 0.04060543701052666 28
1780065890520 0.04030180349946022 29
1780065893735 0.040043409913778305 30
1780065896971 0.03973729908466339 31
1780065900177 0.04015200585126877 32
1780065903406 0.03950205445289612 33
1780065906630 0.039943866431713104 34
1780065909807 0.04003582522273064 35
1780065912995 0.03942899405956268 36
1780065916236 0.039547398686409 37
1780065919438 0.03949738293886185 38
1780065923009 0.0395364984869957 39
1780065926525 0.03926529362797737 40
1780065929996 0.03942820057272911 41
1780065933517 0.03932682052254677 42
1780065936997 0.03962182253599167 43
1780065940443 0.03883042186498642 44
1780065943963 0.03893548622727394 45
1780065947502 0.03840623050928116 46
1780065950877 0.03839735686779022 47
1780065954049 0.03898803889751434 48
1780065957224 0.038894448429346085 49
1780065960420 0.03833688050508499 50
1780065963611 0.03838382288813591 51
1780065966773 0.03824421018362045 52
1780065969958 0.038435716181993484 53
1780065973147 0.038080569356679916 54
1780065976346 0.03917835280299187 55
1780065979495 0.037895362824201584 56
1780065982782 0.03770093247294426 57
1780065986057 0.037549491971731186 58
1780065989435 0.03787730261683464 59
1780065992814 0.0379154272377491 60
1780065996103 0.03745610639452934 61
1780065999436 0.037485696375370026 62
1780066002749 0.03795517608523369 63
1780066006023 0.037985559552907944 64
1780066009282 0.03739656135439873 65
1780066012500 0.037398140877485275 66
1780066015699 0.03763093799352646 67
1780066018887 0.037008561193943024 68
1780066022103 0.037338294088840485 69
1780066025322 0.037161245942115784 70
1780066028525 0.03688045218586922 71
1780066031637 0.036952905356884 72
1780066034847 0.03687366098165512 73
1780066038036 0.03712106868624687 74
1780066041519 0.036685097962617874 75
1780066045012 0.036517005413770676 76
1780066048509 0.03610352799296379 77
1780066052066 0.0365273617208004 78
1780066055562 0.03634783998131752 79
1780066059104 0.0365377813577652 80
1780066062595 0.03565879166126251 81
1780066066089 0.03619265928864479 82
1780066069610 0.035735707730054855 83
1780066072847 0.03634458780288696 84
1780066075997 0.036642491817474365 85
1780066079226 0.036712177097797394 86
1780066082483 0.03659474104642868 87
1780066085645 0.035944949835538864 88
1780066088853 0.0354035459458828 89
1780066092044 0.035104990005493164 90
