1780065797123 0.031351182609796524 1
1780065800499 0.03269340470433235 2
1780065804024 0.031398333609104156 3
1780065807550 0.02885950542986393 4
1780065811100 0.027657469734549522 5
1780065814645 0.024509185925126076 6
1780065818176 0.02473657950758934 7
1780065821664 0.024113047868013382 8
1780065825175 0.023674514144659042 9
1780065828652 0.023855609819293022 10
1780065831923 0.022997219115495682 11
1780065835081 0.022869717329740524 12
1780065838300 0.023013291880488396 13
1780065841567 0.022879576310515404 14
1780065844786 0.02275986038148403 15
1780065847992 0.02247309312224388 16
1780065851169 0.022187257185578346 17
1780065854391 0.022263722494244576 18
1780065857617 0.021829884499311447 19
1780065860870 0.02267417311668396 20
1780065864131 0.021908484399318695 21
1780065867400 0.02261786349117756 22
1780065870708 0.021486949175596237 23
1780065874035 0.021743951365351677 24
1780065877331 0.02223948761820793 25
1780065880665 0.021289417520165443 26
1780065883936 0.021406855434179306 27
1780065887207 0.02162710763514042 28
1780065890520 0.021334705874323845 29
1780065893735 0.021006137132644653 30
1780065896971 0.02097608707845211 31
1780065900177 0.021546870470046997 32
1780065903406 0.021151717752218246 33
1780065906630 0.02075216732919216 34
1780065909807 0.02117852307856083 35
1780065912995 0.020776335150003433 36
1780065916236 0.020603949204087257 37
1780065919438 0.020379411056637764 38
1780065923009 0.020450368523597717 39
1780065926525 0.021067950874567032 40
1780065929996 0.02047548070549965 41
1780065933517 0.02060907520353794 42
1780065936997 0.021164149045944214 43
1780065940443 0.02015952579677105 44
1780065943963 0.0203758142888546 45
1780065947502 0.020009301602840424 46
1780065950877 0.020125018432736397 47
1780065954049 0.0206406582146883 48
1780065957224 0.02022690698504448 49
1780065960420 0.019950684159994125 50
1780065963611 0.019688598811626434 51
1780065966773 0.0198613703250885 52
1780065969958 0.020342329517006874 53
1780065973147 0.01956586167216301 54
1780065976346 0.020739343017339706 55
1780065979495 0.01973935402929783 56
1780065982782 0.019636210054159164 57
1780065986057 0.019617078825831413 58
1780065989435 0.019874332472682 59
1780065992814 0.020024407655000687 60
1780065996103 0.019383952021598816 61
1780065999436 0.019459214061498642 62
1780066002749 0.020025422796607018 63
1780066006023 0.020090412348508835 64
1780066009282 0.019507432356476784 65
1780066012500 0.019361447542905807 66
1780066015699 0.01939953677356243 67
1780066018887 0.019286464899778366 68
1780066022103 0.019771380349993706 69
1780066025322 0.018965357914566994 70
1780066028525 0.01922278292477131 71
1780066031637 0.018983205780386925 72
1780066034847 0.019250987097620964 73
1780066038036 0.01938437484204769 74
1780066041519 0.018818028271198273 75
1780066045012 0.019090918824076653 76
1780066048509 0.018837207928299904 77
1780066052066 0.019215546548366547 78
1780066055562 0.0189791452139616 79
1780066059104 0.019157251343131065 80
1780066062595 0.01879372075200081 81
1780066066089 0.018876224756240845 82
1780066069610 0.0189080610871315 83
1780066072847 0.019224243238568306 84
1780066075997 0.01864720694720745 85
1780066079226 0.01927279308438301 86
1780066082483 0.018654508516192436 87
1780066085645 0.01869886741042137 88
1780066088853 0.019408756867051125 89
1780066092044 0.018484728410840034 90
