1780065797123 -0.001275917747989297 1
1780065800499 0.0032820107880979776 2
1780065804024 -0.0019363771425560117 3
1780065807550 0.0004787067009601742 4
1780065811100 0.006092596799135208 5
1780065814645 -0.00018711280426941812 6
1780065818176 -0.004500798415392637 7
1780065821664 0.00133268884383142 8
1780065825175 -0.0012481865705922246 9
1780065828652 0.0037059879396110773 10
1780065831923 0.00011768381955334917 11
1780065835081 0.00287615810520947 12
1780065838300 0.0017591153737157583 13
1780065841567 0.001242402708157897 14
1780065844786 -0.0032308297231793404 15
1780065847992 8.532392530469224e-05 16
1780065851169 0.000642928876914084 17
1780065854391 0.002690603956580162 18
1780065857617 0.0007901218486949801 19
1780065860870 -0.003190402640029788 20
1780065864131 0.0002791651932056993 21
1780065867400 0.002447394886985421 22
1780065870708 0.0014815765898674726 23
1780065874035 -0.0018476479453966022 24
1780065877331 0.0003111224214080721 25
1780065880665 0.00018879877461586148 26
1780065883936 0.002683650003746152 27
1780065887207 -0.0010482576908543706 28
1780065890520 0.0016062230570241809 29
1780065893735 0.0016248126048594713 30
1780065896971 -0.001641983981244266 31
1780065900177 0.0028836773708462715 32
1780065903406 -0.001897566020488739 33
1780065906630 0.001805948093533516 34
1780065909807 0.0006478580180555582 35
1780065912995 -0.0025446361396461725 36
1780065916236 -0.0010980949737131596 37
1780065919438 0.00193218351341784 38
1780065923009 -0.0005958081455901265 39
1780065926525 0.002671420108526945 40
1780065929996 0.0013412272091954947 41
1780065933517 0.002476718043908477 42
1780065936997 0.006827829871326685 43
1780065940443 0.0013799273874610662 44
1780065943963 0.002356194192543626 45
1780065947502 -0.0007735370891168714 46
1780065950877 0.0017265153583139181 47
1780065954049 -0.003413405967876315 48
1780065957224 0.005333374720066786 49
1780065960420 0.0037814213428646326 50
1780065963611 0.0011988829355686903 51
1780065966773 -0.0026855189353227615 52
1780065969958 0.003226395696401596 53
1780065973147 0.0015926911728456616 54
1780065976346 0.007433511782437563 55
1780065979495 0.003447640687227249 56
1780065982782 0.0023622610606253147 57
1780065986057 -0.0007859490578994155 58
1780065989435 -0.003779392456635833 59
1780065992814 0.0055025783367455006 60
1780065996103 0.001353895291686058 61
1780065999436 -0.00026232292293570936 62
1780066002749 0.0018041086150333285 63
1780066006023 0.006241249851882458 64
1780066009282 0.0036400328390300274 65
1780066012500 0.0005261803162284195 66
1780066015699 0.0015944280894473195 67
1780066018887 0.0017483613919466734 68
1780066022103 0.0048255473375320435 69
1780066025322 0.0021105895284563303 70
1780066028525 -0.0019797543063759804 71
1780066031637 -0.0005722098867408931 72
1780066034847 0.0015585641376674175 73
1780066038036 -0.0018249299610033631 74
1780066041519 0.0016885995864868164 75
1780066045012 -0.0015946485800668597 76
1780066048509 0.00015156515291891992 77
1780066052066 -0.0010792432585731149 78
1780066055562 -0.0015507438220083714 79
1780066059104 -0.001413343008607626 80
1780066062595 -0.0017438717186450958 81
1780066066089 0.0030853678472340107 82
1780066069610 -0.0006797907408326864 83
1780066072847 -0.0010948386043310165 84
1780066075997 0.0010167313739657402 85
1780066079226 0.003201861632987857 86
1780066082483 -0.0010551688028499484 87
1780066085645 0.0025787027552723885 88
1780066088853 0.0016192971961572766 89
1780066092044 0.0012374510988593102 90
