1780052726824 -0.0003045147459488362 1
1780052729859 0.0007320016738958657 2
1780052733088 -0.0006689977017231286 3
1780052736336 0.0005552092916332185 4
1780052739531 0.0006751116598024964 5
1780052742967 0.0004203099524602294 6
1780052746348 0.0013214192586019635 7
1780052749693 0.0005805735127069056 8
1780052752572 -0.0001684940798440948 9
1780052755411 0.0008992483490146697 10
1780052758221 0.002189242048189044 11
1780052761015 0.0004632634809240699 12
1780052763747 0.0007783442852087319 13
1780052766639 0.002488380763679743 14
1780052769476 -0.0006657483754679561 15
1780052772275 0.0003688471915666014 16
1780052775140 0.0009655866306275129 17
1780052777947 -2.4807211957522668e-05 18
1780052780930 0.0014462248655036092 19
1780052784001 0.00011806008114945143 20
1780052787136 0.0007897489122115076 21
1780052790283 0.0014077028026804328 22
1780052793442 0.0003111682890448719 23
1780052796537 5.120018613524735e-06 24
1780052799679 0.001031995634548366 25
1780052802761 0.0018477685516700149 26
1780052805930 0.002205425640568137 27
1780052808997 0.0008108773618005216 28
1780052811794 0.0005120693240314722 29
1780052814672 0.0009499097359366715 30
1780052817448 -0.00014753674622625113 31
1780052820263 0.0013756968546658754 32
1780052823090 0.0002583308087196201 33
1780052826330 0.0010801447788253427 34
1780052829455 0.0004276958352420479 35
1780052832542 0.0006562778726220131 36
1780052835680 -0.0015991074033081532 37
1780052838904 0.0005857254145666957 38
1780052842019 0.0012374622747302055 39
1780052845114 0.001478728954680264 40
1780052848392 0.0015226938994601369 41
1780052851682 0.0017359420889988542 42
1780052854943 0.001608189893886447 43
1780052858019 0.0002988367050420493 44
1780052861229 -0.0008747384417802095 45
1780052864358 0.0008939581457525492 46
1780052867343 -0.001107608200982213 47
1780052870248 5.0616472435649484e-05 48
1780052873230 0.0008569126948714256 49
1780052876256 0.0006423070444725454 50
1780052879297 0.0027774053160101175 51
1780052882311 0.001766667002812028 52
1780052885335 0.000633749645203352 53
1780052888328 0.00222873967140913 54
1780052891396 0.001289344858378172 55
1780052894439 0.0017811674624681473 56
1780052897487 0.0015617735916748643 57
1780052900559 0.0015102769248187542 58
1780052903571 0.0007223469438031316 59
1780052906617 0.0013408546801656485 60
1780052909656 0.0013857601443305612 61
1780052912692 0.0001422025088686496 62
1780052915752 0.000759668240789324 63
1780052918893 0.0007693599327467382 64
1780052922004 0.0009964409982785583 65
1780052925174 0.0002453332708682865 66
1780052928297 -0.0007684379816055298 67
1780052931237 0.0010934764286503196 68
1780052934113 0.000955691619310528 69
1780052936934 0.0005547532928176224 70
1780052939806 0.000999918906018138 71
1780052942759 0.0010224604047834873 72
1780052945622 0.0001531068264739588 73
1780052948466 0.001744373352266848 74
1780052951358 0.0016964728711172938 75
1780052954233 0.0009893251117318869 76
1780052957029 0.0018366096774116158 77
1780052959943 0.000818393484223634 78
1780052963219 0.000883986649569124 79
1780052966611 0.001921436283737421 80
1780052969967 0.0018826572922989726 81
1780052973337 0.0005779314087703824 82
1780052976736 0.002166986931115389 83
1780052980095 0.002351527800783515 84
1780052983443 0.0003764171269722283 85
1780052986806 0.0013274261727929115 86
1780052990067 0.0030064911115914583 87
1780052992837 -4.678432014770806e-05 88
1780052995600 0.0024897796101868153 89
1780052998273 0.0013195554492995143 90
1780053000938 0.000986486324109137 91
1780053003675 0.0007391913677565753 92
1780053006438 0.0006054852274246514 93
1780053009194 0.001449412782676518 94
1780053011890 0.0004126637359149754 95
1780053014530 -0.0010065290844067931 96
1780053017251 0.0019048269605264068 97
1780053019999 0.002398125361651182 98
1780053022924 0.002316870028153062 99
1780053026108 0.0006929366500116885 100
