1780052726824 0.035188913345336914 1
1780052729859 0.03420434147119522 2
1780052733088 0.033218368887901306 3
1780052736336 0.03268128260970116 4
1780052739531 0.032495222985744476 5
1780052742967 0.032112088054418564 6
1780052746348 0.03223980590701103 7
1780052749693 0.031760454177856445 8
1780052752572 0.03155682981014252 9
1780052755411 0.03171997517347336 10
1780052758221 0.032042425125837326 11
1780052761015 0.03190231695771217 12
1780052763747 0.03171423450112343 13
1780052766639 0.03218846395611763 14
1780052769476 0.031375590711832047 15
1780052772275 0.031347014009952545 16
1780052775140 0.03147454932332039 17
1780052777947 0.031433504074811935 18
1780052780930 0.03143667057156563 19
1780052784001 0.03139089047908783 20
1780052787136 0.03145487979054451 21
1780052790283 0.03177040070295334 22
1780052793442 0.031640417873859406 23
1780052796537 0.03131720796227455 24
1780052799679 0.03141051158308983 25
1780052802761 0.03172700107097626 26
1780052805930 0.031642477959394455 27
1780052808997 0.03133779019117355 28
1780052811794 0.0313587412238121 29
1780052814672 0.03174829110503197 30
1780052817448 0.03140442445874214 31
1780052820263 0.0313912034034729 32
1780052823090 0.03125527873635292 33
1780052826330 0.03131867200136185 34
1780052829455 0.03132118657231331 35
1780052832542 0.0312336478382349 36
1780052835680 0.03128429874777794 37
1780052838904 0.031250640749931335 38
1780052842019 0.031525690108537674 39
1780052845114 0.031680259853601456 40
1780052848392 0.03132478892803192 41
1780052851682 0.03142884373664856 42
1780052854943 0.031367771327495575 43
1780052858019 0.0312077384442091 44
1780052861229 0.031202778220176697 45
1780052864358 0.031203320249915123 46
1780052867343 0.03123706765472889 47
1780052870248 0.031213290989398956 48
1780052873230 0.03129056468605995 49
1780052876256 0.03124113753437996 50
1780052879297 0.0316462516784668 51
1780052882311 0.03138894587755203 52
1780052885335 0.03120446763932705 53
1780052888328 0.0319688618183136 54
1780052891396 0.03134256228804588 55
1780052894439 0.03138592839241028 56
1780052897487 0.03151867911219597 57
1780052900559 0.03122338466346264 58
1780052903571 0.031084120273590088 59
1780052906617 0.03121013194322586 60
1780052909656 0.031060539186000824 61
1780052912692 0.031102541834115982 62
1780052915752 0.031056471168994904 63
1780052918893 0.03119499608874321 64
1780052922004 0.03119751438498497 65
1780052925174 0.03121461160480976 66
1780052928297 0.031108928844332695 67
1780052931237 0.031089328229427338 68
1780052934113 0.031015530228614807 69
1780052936934 0.031051626428961754 70
1780052939806 0.03111090697348118 71
1780052942759 0.03100641630589962 72
1780052945622 0.03101360984146595 73
1780052948466 0.031058944761753082 74
1780052951358 0.031077682971954346 75
1780052954233 0.030991682782769203 76
1780052957029 0.030842525884509087 77
1780052959943 0.030840156599879265 78
1780052963219 0.030848538503050804 79
1780052966611 0.03119022585451603 80
1780052969967 0.03088518977165222 81
1780052973337 0.030856484547257423 82
1780052976736 0.030743252485990524 83
1780052980095 0.03093704767525196 84
1780052983443 0.030755283311009407 85
1780052986806 0.030756473541259766 86
1780052990067 0.03118550032377243 87
1780052992837 0.030632859095931053 88
1780052995600 0.030718300491571426 89
1780052998273 0.030685512349009514 90
1780053000938 0.03069242462515831 91
1780053003675 0.03061303310096264 92
1780053006438 0.03050500713288784 93
1780053009194 0.030822310596704483 94
1780053011890 0.030502183362841606 95
1780053014530 0.03053583949804306 96
1780053017251 0.030631333589553833 97
1780053019999 0.030408203601837158 98
1780053022924 0.03035406768321991 99
1780053026108 0.030323460698127747 100
