1780052726824 0.23474802719488205 1
1780052729859 0.19998006261176338 2
1780052733088 0.1914031100449552 3
1780052736336 0.1856413049501294 4
1780052739531 0.18030084241142233 5
1780052742967 0.17679502981976777 6
1780052746348 0.17427627691884878 7
1780052749693 0.17198620523162675 8
1780052752572 0.1713797136605668 9
1780052755411 0.17067696049368405 10
1780052758221 0.16991811819831362 11
1780052761015 0.16946240626354298 12
1780052763747 0.1686178109201014 13
1780052766639 0.1680180821370877 14
1780052769476 0.1669925798211113 15
1780052772275 0.16761226974916005 16
1780052775140 0.1667688561339585 17
1780052777947 0.16730703284322082 18
1780052780930 0.16701497314753794 19
1780052784001 0.1668330325999043 20
1780052787136 0.166770011879677 21
1780052790283 0.16666484291785363 22
1780052793442 0.16596246691889288 23
1780052796537 0.16610206698262414 24
1780052799679 0.16560292536940183 25
1780052802761 0.16527629210505373 26
1780052805930 0.16568628244149256 27
1780052808997 0.16562897269367918 28
1780052811794 0.1655461223477037 29
1780052814672 0.16505753876637455 30
1780052817448 0.16535800307926113 31
1780052820263 0.1647586611830029 32
1780052823090 0.16481674732699456 33
1780052826330 0.16530283227027345 34
1780052829455 0.1647598758205992 35
1780052832542 0.1646007730233745 36
1780052835680 0.16458956579073286 37
1780052838904 0.164768816678771 38
1780052842019 0.16398164652776265 39
1780052845114 0.16432177299046868 40
1780052848392 0.16445351788974968 41
1780052851682 0.1648668366746217 42
1780052854943 0.16402683914274796 43
1780052858019 0.16432954763981808 44
1780052861229 0.16336596550825536 45
1780052864358 0.16410916967289896 46
1780052867343 0.1634070396218567 47
1780052870248 0.1635903118465718 48
1780052873230 0.16345471137421833 49
1780052876256 0.16322755113433077 50
1780052879297 0.16385444406475125 51
1780052882311 0.16341364482145984 52
1780052885335 0.1628000412616745 53
1780052888328 0.16310329821126154 54
1780052891396 0.16341958358789346 55
1780052894439 0.1627964719216365 56
1780052897487 0.16286400678797958 57
1780052900559 0.16294453286784397 58
1780052903571 0.1628426719716815 59
1780052906617 0.16185262144777537 60
1780052909656 0.16231004406262906 61
1780052912692 0.16178989519087508 62
1780052915752 0.16184264033182227 63
1780052918893 0.16188738041460893 64
1780052922004 0.16162780549448086 65
1780052925174 0.16178567677610267 66
1780052928297 0.16143511737407387 67
1780052931237 0.1615768063096743 68
1780052934113 0.16125063131903997 69
1780052936934 0.16055578103655235 70
1780052939806 0.16089324586203688 71
1780052942759 0.16058321782322818 72
1780052945622 0.1603498880694331 73
1780052948466 0.16023816865323462 74
1780052951358 0.15992691974307216 75
1780052954233 0.16021910421629032 76
1780052957029 0.15962146577005912 77
1780052959943 0.15897430703201454 78
1780052963219 0.15911610596212725 79
1780052966611 0.15922307726350193 80
1780052969967 0.1586749345284688 81
1780052973337 0.15851953464223517 82
1780052976736 0.15906146788934195 83
1780052980095 0.15795833625324684 84
1780052983443 0.15836175746947967 85
1780052986806 0.15777081510260796 86
1780052990067 0.15744365583199527 87
1780052992837 0.15705054887347947 88
1780052995600 0.15697401652533963 89
1780052998273 0.15712039487684504 90
1780053000938 0.15665357908820754 91
1780053003675 0.15607241179644432 92
1780053006438 0.15598236867886264 93
1780053009194 0.1555851705797631 94
1780053011890 0.15557561993567434 95
1780053014530 0.15471822000551677 96
1780053017251 0.15461551731188503 97
1780053019999 0.15445103130084767 98
1780053022924 0.15374449935070303 99
1780053026108 0.15409076212261494 100
