1780052726824 0.05537911504507065 1
1780052729859 0.05443182587623596 2
1780052733088 0.053626418113708496 3
1780052736336 0.053005628287792206 4
1780052739531 0.05240880697965622 5
1780052742967 0.05214527249336243 6
1780052746348 0.05190519988536835 7
1780052749693 0.05171731486916542 8
1780052752572 0.05160505697131157 9
1780052755411 0.051563844084739685 10
1780052758221 0.05150856077671051 11
1780052761015 0.051380258053541183 12
1780052763747 0.05136120319366455 13
1780052766639 0.05140519514679909 14
1780052769476 0.0512869618833065 15
1780052772275 0.051326166838407516 16
1780052775140 0.05130448937416077 17
1780052777947 0.05122560262680054 18
1780052780930 0.05132276564836502 19
1780052784001 0.051202211529016495 20
1780052787136 0.05116809532046318 21
1780052790283 0.051115263253450394 22
1780052793442 0.051082320511341095 23
1780052796537 0.05111091211438179 24
1780052799679 0.05110296607017517 25
1780052802761 0.051124438643455505 26
1780052805930 0.051095638424158096 27
1780052808997 0.05106210708618164 28
1780052811794 0.05106579139828682 29
1780052814672 0.051030367612838745 30
1780052817448 0.05096510052680969 31
1780052820263 0.05100008100271225 32
1780052823090 0.05098966509103775 33
1780052826330 0.051037564873695374 34
1780052829455 0.05095381662249565 35
1780052832542 0.05099303647875786 36
1780052835680 0.05095592886209488 37
1780052838904 0.050941627472639084 38
1780052842019 0.050917886197566986 39
1780052845114 0.05089787766337395 40
1780052848392 0.05095777288079262 41
1780052851682 0.050920356065034866 42
1780052854943 0.050893183797597885 43
1780052858019 0.05091438442468643 44
1780052861229 0.05086630582809448 45
1780052864358 0.050886720418930054 46
1780052867343 0.05086401104927063 47
1780052870248 0.05086304992437363 48
1780052873230 0.05082264542579651 49
1780052876256 0.0508466511964798 50
1780052879297 0.05089326202869415 51
1780052882311 0.05076250806450844 52
1780052885335 0.05078562721610069 53
1780052888328 0.0508185476064682 54
1780052891396 0.05078491196036339 55
1780052894439 0.050735920667648315 56
1780052897487 0.0507144071161747 57
1780052900559 0.05069404095411301 58
1780052903571 0.05077343061566353 59
1780052906617 0.05065716803073883 60
1780052909656 0.05072861537337303 61
1780052912692 0.05062323436141014 62
1780052915752 0.0507168248295784 63
1780052918893 0.050586096942424774 64
1780052922004 0.0505467914044857 65
1780052925174 0.05052293464541435 66
1780052928297 0.05061601102352142 67
1780052931237 0.05053160712122917 68
1780052934113 0.0505342073738575 69
1780052936934 0.05056247115135193 70
1780052939806 0.05042390897870064 71
1780052942759 0.05043889954686165 72
1780052945622 0.05037764832377434 73
1780052948466 0.05039786547422409 74
1780052951358 0.05035126954317093 75
1780052954233 0.050355300307273865 76
1780052957029 0.050478268414735794 77
1780052959943 0.05024658888578415 78
1780052963219 0.05023111775517464 79
1780052966611 0.05019054561853409 80
1780052969967 0.050215475261211395 81
1780052973337 0.05008909851312637 82
1780052976736 0.05020057037472725 83
1780052980095 0.050115931779146194 84
1780052983443 0.05003087967634201 85
1780052986806 0.04994756728410721 86
1780052990067 0.04998606815934181 87
1780052992837 0.0498943030834198 88
1780052995600 0.049900077283382416 89
1780052998273 0.049761813133955 90
1780053000938 0.04970879107713699 91
1780053003675 0.049731940031051636 92
1780053006438 0.04972187429666519 93
1780053009194 0.04958690330386162 94
1780053011890 0.049499738961458206 95
1780053014530 0.049534644931554794 96
1780053017251 0.04940959811210632 97
1780053019999 0.0494399219751358 98
1780053022924 0.049389224499464035 99
1780053026108 0.049205247312784195 100
