1779921618688 0.07530105113983154 1
1779921624094 0.07495054602622986 2
1779921628997 0.07455198466777802 3
1779921633841 0.07430560886859894 4
1779921638827 0.07297882437705994 5
1779921643823 0.07196217030286789 6
1779921648807 0.07155618816614151 7
1779921653728 0.07085329294204712 8
1779921658915 0.07079670578241348 9
1779921663909 0.07078331708908081 10
1779921669143 0.07066843658685684 11
1779921674462 0.07028978317975998 12
1779921679543 0.07029184699058533 13
1779921685030 0.07022977620363235 14
1779921690329 0.07048635184764862 15
1779921695639 0.07038196176290512 16
1779921700886 0.07040362060070038 17
