1779921618688 0.259393938870962 1
1779921624094 0.24985109926419483 2
1779921628997 0.24678147721717508 3
1779921633841 0.2435695254975114 4
1779921638827 0.23233289560995812 5
1779921643823 0.21008738155987308 6
1779921648807 0.1948620382870853 7
1779921653728 0.18675803103722816 8
1779921658915 0.1822002985034928 9
1779921663909 0.17932418451616258 10
1779921669143 0.1778667522158176 11
1779921674462 0.17610711391922856 12
1779921679543 0.17458684975409638 13
1779921685030 0.1729092086991167 14
1779921690329 0.17152498204763927 15
1779921695639 0.16941875179321314 16
1779921700886 0.16875212781192842 17
