1779921618688 0.0028602485544979572 1
1779921624094 -0.0029355154838413 2
1779921628997 0.002515224739909172 3
1779921633841 0.002134854905307293 4
1779921638827 -0.0021570436656475067 5
1779921643823 -0.006022764835506678 6
1779921648807 -0.0026397574692964554 7
1779921653728 -0.0014603789895772934 8
1779921658915 2.153700370399747e-05 9
1779921663909 -0.0011324661318212748 10
1779921669143 0.0031962532084435225 11
1779921674462 -0.000317556579830125 12
1779921679543 4.756236376124434e-05 13
1779921685030 -0.0012407635804265738 14
1779921690329 -0.002985469764098525 15
1779921695639 0.0033509405329823494 16
1779921700886 0.005255635362118483 17
