1779921618688 0.02994859777390957 1
1779921624094 0.028971221297979355 2
1779921628997 0.029469631612300873 3
1779921633841 0.028532059863209724 4
1779921638827 0.0266923476010561 5
1779921643823 0.02487862855195999 6
1779921648807 0.023566849529743195 7
1779921653728 0.02253611758351326 8
1779921658915 0.0229220911860466 9
1779921663909 0.022274421527981758 10
1779921669143 0.022618990391492844 11
1779921674462 0.022072022780776024 12
1779921679543 0.021636389195919037 13
1779921685030 0.021535219624638557 14
1779921690329 0.022280080243945122 15
1779921695639 0.02166442759335041 16
1779921700886 0.02189827337861061 17
