1780529374779 0.03341830521821976 1
1780529378007 0.03361302614212036 2
1780529381250 0.03229786083102226 3
1780529384420 0.032893843948841095 4
1780529387649 0.032122381031513214 5
1780529390740 0.03209783509373665 6
1780529393829 0.03210819140076637 7
1780529397056 0.03215935081243515 8
1780529399786 0.031380634754896164 9
1780529402519 0.030760249122977257 10
1780529406010 0.02979978546500206 11
1780529409006 0.029415346682071686 12
1780529411998 0.02795218862593174 13
1780529414827 0.027488447725772858 14
1780529417648 0.027197008952498436 15
1780529420537 0.027115387842059135 16
1780529423417 0.026995908468961716 17
1780529426387 0.025939306244254112 18
1780529429182 0.025497715920209885 19
1780529432070 0.025340260937809944 20
1780529434961 0.025182455778121948 21
1780529437848 0.024815456941723824 22
1780529440568 0.024795182049274445 23
1780529443305 0.024429405108094215 24
1780529446046 0.024737030267715454 25
1780529448854 0.024097565561532974 26
1780529451639 0.024114493280649185 27
1780529454472 0.024539697915315628 28
1780529457188 0.024110212922096252 29
1780529459947 0.023627977818250656 30
1780529462677 0.023654071614146233 31
1780529465399 0.02363218180835247 32
1780529468212 0.023368261754512787 33
1780529470891 0.023715075105428696 34
1780529473549 0.02348099835216999 35
1780529476168 0.02340548112988472 36
1780529478809 0.023436740040779114 37
1780529481478 0.023562641814351082 38
1780529484083 0.023507134988904 39
1780529486663 0.023187555372714996 40
1780529489276 0.023394491523504257 41
1780529491951 0.023454969748854637 42
1780529494536 0.023300327360630035 43
1780529497133 0.023270852863788605 44
1780529499800 0.023427167907357216 45
1780529502565 0.022902779281139374 46
1780529505330 0.02299652248620987 47
1780529508057 0.022817445918917656 48
1780529510834 0.022962158545851707 49
1780529513742 0.022694699466228485 50
1780529516517 0.022588657215237617 51
1780529519295 0.02254767157137394 52
1780529522003 0.022871682420372963 53
1780529524908 0.022875478491187096 54
1780529527788 0.02247576229274273 55
1780529530494 0.022416794672608376 56
1780529533165 0.022527925670146942 57
1780529535944 0.022622816264629364 58
1780529538652 0.022337883710861206 59
1780529541284 0.022436778992414474 60
1780529543951 0.02252700924873352 61
1780529546684 0.022046076133847237 62
1780529549366 0.022186944261193275 63
1780529552011 0.022602079436182976 64
1780529554659 0.02229505591094494 65
1780529557361 0.022722207009792328 66
1780529560012 0.02212626487016678 67
1780529562666 0.02200397104024887 68
1780529565349 0.022094743326306343 69
1780529568063 0.022406689822673798 70
1780529570700 0.022306740283966064 71
1780529573372 0.022385509684681892 72
1780529576039 0.022056277841329575 73
1780529578698 0.022468045353889465 74
1780529581340 0.022200191393494606 75
1780529584013 0.022141415625810623 76
1780529586694 0.021857425570487976 77
1780529589378 0.02208242379128933 78
1780529592075 0.022160621359944344 79
1780529594710 0.022047625854611397 80
1780529597367 0.022114625200629234 81
1780529600147 0.02178049460053444 82
1780529602791 0.021836305037140846 83
1780529605449 0.021921351552009583 84
1780529608154 0.0217258520424366 85
1780529610820 0.021725468337535858 86
1780529613498 0.021829064935445786 87
1780529616119 0.02164645865559578 88
1780529618868 0.02161722630262375 89
1780529621743 0.021612050011754036 90
1780529624436 0.02145559899508953 91
1780529627642 0.02170899696648121 92
1780529630601 0.021789992228150368 93
1780529633533 0.022193610668182373 94
1780529636432 0.021509842947125435 95
1780529639337 0.02146439626812935 96
1780529642208 0.021680913865566254 97
1780529645129 0.021512005478143692 98
1780529648307 0.02160532958805561 99
1780529651058 0.02163386344909668 100
