1780529374779 0.14358698640792789 1
1780529378007 0.12794428570316985 2
1780529381250 0.12682777865753544 3
1780529384420 0.12607313761511793 4
1780529387649 0.12524836892624955 5
1780529390740 0.12441204957567252 6
1780529393829 0.12345171294042043 7
1780529397056 0.12065308444298707 8
1780529399786 0.11803559561006048 9
1780529402519 0.11543758427603291 10
1780529406010 0.1105521075403342 11
1780529409006 0.10510245549746534 12
1780529411998 0.10064705247180415 13
1780529414827 0.09738874066524304 14
1780529417648 0.09396646902352185 15
1780529420537 0.09093600561140806 16
1780529423417 0.08863333449396607 17
1780529426387 0.08654878557018646 18
1780529429182 0.08466524017563501 19
1780529432070 0.08274866254734141 20
1780529434961 0.08102243339231649 21
1780529437848 0.08014868576587601 22
1780529440568 0.07863241953581765 23
1780529443305 0.07793912963409509 24
1780529446046 0.0771417914913943 25
1780529448854 0.07627747033710604 26
1780529451639 0.07562150409469356 27
1780529454472 0.0748036322304858 28
1780529457188 0.07429858803894225 29
1780529459947 0.07423968867749556 30
1780529462677 0.0735128862940549 31
1780529465399 0.07345125648834101 32
1780529468212 0.07268778791094756 33
1780529470891 0.07236584047968318 34
1780529473549 0.07216465743500497 35
1780529476168 0.07159851042723114 36
1780529478809 0.07148798611377935 37
1780529481478 0.07121360476140852 38
1780529484083 0.0710199851264524 39
1780529486663 0.07082597121547957 40
1780529489276 0.06987855430426342 41
1780529491951 0.07007453178793385 42
1780529494536 0.0698626940138638 43
1780529497133 0.06955220953065466 44
1780529499800 0.06905371704828236 45
1780529502565 0.06913229271576002 46
1780529505330 0.06857376987138739 47
1780529508057 0.06860030955913199 48
1780529510834 0.06816105605647355 49
1780529513742 0.06793798356280699 50
1780529516517 0.06748965417651774 51
1780529519295 0.06756904638408646 52
1780529522003 0.06689768840933775 53
1780529524908 0.06670983948490837 54
1780529527788 0.06644875756404423 55
1780529530494 0.06632482075410617 56
1780529533165 0.06610002028211565 57
1780529535944 0.06577204314193555 58
1780529538652 0.06561493989709136 59
1780529541284 0.06534846957361737 60
1780529543951 0.06549521603367546 61
1780529546684 0.06525780711105311 62
1780529549366 0.06467315057510292 63
1780529552011 0.0648593974916579 64
1780529554659 0.06462797466907408 65
1780529557361 0.06459654917843737 66
1780529560012 0.06452087274232468 67
1780529562666 0.0641557449753118 68
1780529565349 0.0640864089832871 69
1780529568063 0.06383228241526462 70
1780529570700 0.06411789767686035 71
1780529573372 0.06385679935504283 72
1780529576039 0.06362936533866571 73
1780529578698 0.06330281375701745 74
1780529581340 0.06316092001975744 75
1780529584013 0.06315450624308803 76
1780529586694 0.06320493500800682 77
1780529589378 0.06330815141464209 78
1780529592075 0.06280400755803113 79
1780529594710 0.06267753421849051 80
1780529597367 0.06254663218006298 81
1780529600147 0.06213962601183297 82
1780529602791 0.062226650220426644 83
1780529605449 0.062017225980903805 84
1780529608154 0.06178811357610605 85
1780529610820 0.061844637711205845 86
1780529613498 0.06179579670311182 87
1780529616119 0.06196876764055583 88
1780529618868 0.061538672872952054 89
1780529621743 0.06148533194700812 90
1780529624436 0.06136641204478098 91
1780529627642 0.06124327530745755 92
1780529630601 0.0615228852680461 93
1780529633533 0.06118244767890542 94
1780529636432 0.06073851827773955 95
1780529639337 0.06065016044545677 96
1780529642208 0.06067735891087682 97
1780529645129 0.06084353531190714 98
1780529648307 0.06014595923993688 99
1780529651058 0.0605551264575356 100
