1780529374779 0.05324571207165718 1
1780529378007 0.052945446223020554 2
1780529381250 0.05241052061319351 3
1780529384420 0.05245808884501457 4
1780529387649 0.052123140543699265 5
1780529390740 0.05218186974525452 6
1780529393829 0.05186530575156212 7
1780529397056 0.051955696195364 8
1780529399786 0.05099452659487724 9
1780529402519 0.05065222457051277 10
1780529406010 0.04954005032777786 11
1780529409006 0.04890654608607292 12
1780529411998 0.048161715269088745 13
1780529414827 0.04775572940707207 14
1780529417648 0.047528959810733795 15
1780529420537 0.046947576105594635 16
1780529423417 0.04713959991931915 17
1780529426387 0.04608127847313881 18
1780529429182 0.04599979147315025 19
1780529432070 0.04543115198612213 20
1780529434961 0.04533916339278221 21
1780529437848 0.045131199061870575 22
1780529440568 0.04497643560171127 23
1780529443305 0.04481036216020584 24
1780529446046 0.04494833946228027 25
1780529448854 0.04436777904629707 26
1780529451639 0.04447256773710251 27
1780529454472 0.04456775262951851 28
1780529457188 0.044421229511499405 29
1780529459947 0.044089991599321365 30
1780529462677 0.043967291712760925 31
1780529465399 0.043969206511974335 32
1780529468212 0.043805304914712906 33
1780529470891 0.04407365247607231 34
1780529473549 0.043837182223796844 35
1780529476168 0.04353678971529007 36
1780529478809 0.043582648038864136 37
1780529481478 0.043527498841285706 38
1780529484083 0.04363637790083885 39
1780529486663 0.04335448145866394 40
1780529489276 0.04343115910887718 41
1780529491951 0.043830130249261856 42
1780529494536 0.043233927339315414 43
1780529497133 0.04337119311094284 44
1780529499800 0.04349013790488243 45
1780529502565 0.04297029972076416 46
1780529505330 0.04305063933134079 47
1780529508057 0.04281768575310707 48
1780529510834 0.04286313056945801 49
1780529513742 0.042617712169885635 50
1780529516517 0.042488787323236465 51
1780529519295 0.04228143021464348 52
1780529522003 0.042583100497722626 53
1780529524908 0.04240177199244499 54
1780529527788 0.041893139481544495 55
1780529530494 0.042344022542238235 56
1780529533165 0.0419757179915905 57
1780529535944 0.04201148822903633 58
1780529538652 0.041969213634729385 59
1780529541284 0.04218026250600815 60
1780529543951 0.04213589429855347 61
1780529546684 0.041732750833034515 62
1780529549366 0.041768841445446014 63
1780529552011 0.04177109897136688 64
1780529554659 0.04174905642867088 65
1780529557361 0.04188083857297897 66
1780529560012 0.041621606796979904 67
1780529562666 0.04169882833957672 68
1780529565349 0.04136025533080101 69
1780529568063 0.041700709611177444 70
1780529570700 0.04147343710064888 71
1780529573372 0.04164409264922142 72
1780529576039 0.04119535908102989 73
1780529578698 0.04147498682141304 74
1780529581340 0.04129432514309883 75
1780529584013 0.04133601114153862 76
1780529586694 0.04148539528250694 77
1780529589378 0.041493482887744904 78
1780529592075 0.04140618070960045 79
1780529594710 0.041223082691431046 80
1780529597367 0.04122087359428406 81
1780529600147 0.04103942960500717 82
1780529602791 0.040979135781526566 83
1780529605449 0.041196517646312714 84
1780529608154 0.0407240092754364 85
1780529610820 0.040844570845365524 86
1780529613498 0.04104546830058098 87
1780529616119 0.04091741889715195 88
1780529618868 0.04075183346867561 89
1780529621743 0.040728915482759476 90
1780529624436 0.0406966470181942 91
1780529627642 0.040898438543081284 92
1780529630601 0.04079819098114967 93
1780529633533 0.041219864040613174 94
1780529636432 0.040579959750175476 95
1780529639337 0.04055853933095932 96
1780529642208 0.040697816759347916 97
1780529645129 0.04047200456261635 98
1780529648307 0.04067615419626236 99
1780529651058 0.040464356541633606 100
