1780529374779 -6.949371891096234e-05 1
1780529378007 0.0036655140575021505 2
1780529381250 0.0010792766697704792 3
1780529384420 0.0014031656319275498 4
1780529387649 0.0013666447484865785 5
1780529390740 -0.0009985611541196704 6
1780529393829 0.0024240121711045504 7
1780529397056 0.002085572574287653 8
1780529399786 0.0030460841953754425 9
1780529402519 -0.001441075117327273 10
1780529406010 -0.00016153702745214105 11
1780529409006 0.0038016506005078554 12
1780529411998 0.0017981324344873428 13
1780529414827 0.0024954373948276043 14
1780529417648 0.0031873914413154125 15
1780529420537 0.000501080125104636 16
1780529423417 -0.0030732215382158756 17
1780529426387 5.650482853525318e-05 18
1780529429182 0.0011614360846579075 19
1780529432070 0.002594743389636278 20
1780529434961 0.00451313890516758 21
1780529437848 0.004034408833831549 22
1780529440568 -0.002228924073278904 23
1780529443305 9.749177115736529e-05 24
1780529446046 -0.0037541575729846954 25
1780529448854 6.022576417308301e-05 26
1780529451639 -0.00217312085442245 27
1780529454472 -0.0027054932434111834 28
1780529457188 0.004429889377206564 29
1780529459947 6.120874604675919e-05 30
1780529462677 0.001964586554095149 31
1780529465399 0.003568144515156746 32
1780529468212 0.00037299664109013975 33
1780529470891 0.002295869868248701 34
1780529473549 0.0027318657375872135 35
1780529476168 -0.00037046129000373185 36
1780529478809 0.0013669657055288553 37
1780529481478 -0.0001982908434001729 38
1780529484083 -0.0018258224008604884 39
1780529486663 -0.001402469933964312 40
1780529489276 -9.790385229280218e-05 41
1780529491951 0.00465602520853281 42
1780529494536 0.0044792392291128635 43
1780529497133 -0.0023245338816195726 44
1780529499800 0.00045908603351563215 45
1780529502565 0.0012143959756940603 46
1780529505330 0.0025744528975337744 47
1780529508057 -0.0013797635911032557 48
1780529510834 0.000813388149254024 49
1780529513742 -0.0016793828690424562 50
1780529516517 0.0001954687322722748 51
1780529519295 -0.0003516727010719478 52
1780529522003 0.0005970167112536728 53
1780529524908 0.002860055537894368 54
1780529527788 0.0010072228033095598 55
1780529530494 -0.0009356483933515847 56
1780529533165 0.0016745757311582565 57
1780529535944 -0.00044503205572254956 58
1780529538652 0.002005239948630333 59
1780529541284 0.0034007937647402287 60
1780529543951 0.0030645611695945263 61
1780529546684 -0.0005098487017676234 62
1780529549366 0.002395682269707322 63
1780529552011 -0.003413691185414791 64
1780529554659 -0.0002768221602309495 65
1780529557361 0.0018962414469569921 66
1780529560012 -0.0019969590939581394 67
1780529562666 0.001125071314163506 68
1780529565349 -0.0009255412733182311 69
1780529568063 0.004391947761178017 70
1780529570700 0.0019460412440821528 71
1780529573372 -0.0016038474859669805 72
1780529576039 -0.0008840784430503845 73
1780529578698 0.0009232104057446122 74
1780529581340 0.002884001238271594 75
1780529584013 -0.003555614734068513 76
1780529586694 0.0010885021183639765 77
1780529589378 0.0012739289086312056 78
1780529592075 0.000622260442469269 79
1780529594710 0.0026622526347637177 80
1780529597367 -0.0018755599157884717 81
1780529600147 -0.00047198563697747886 82
1780529602791 -0.0004110700392629951 83
1780529605449 -0.0013510382268577814 84
1780529608154 0.00048614144907332957 85
1780529610820 0.000503959774505347 86
1780529613498 7.997135980986059e-05 87
1780529616119 -0.0010603376431390643 88
1780529618868 -0.0002850373275578022 89
1780529621743 -0.0005929411854594946 90
1780529624436 0.0017031461466103792 91
1780529627642 -0.0010910448618233204 92
1780529630601 0.0010149057488888502 93
1780529633533 0.0055009457282722 94
1780529636432 4.761742093251087e-05 95
1780529639337 0.002059366088360548 96
1780529642208 -0.0001502705126767978 97
1780529645129 0.00103267771191895 98
1780529648307 -0.002860300475731492 99
1780529651058 -0.002104417886584997 100
