1780539328375 -0.0029219870921224356 1
1780539337115 0.0003376265231054276 2
1780539345698 0.003942888230085373 3
1780539354213 0.0032345473300665617 4
1780539363108 0.0028414507396519184 5
1780539372148 -0.0019708320032805204 6
1780539380956 -0.00040491746040061116 7
1780539390115 -0.0018268820131197572 8
1780539398906 -0.0029104570858180523 9
1780539407987 -0.0005461054388433695 10
1780539416965 0.00346177676692605 11
1780539425577 -0.002347672590985894 12
1780539434501 -0.0007603506674058735 13
1780539443225 -0.0011532844509929419 14
1780539452086 0.00845660362392664 15
1780539461086 -0.001219312776811421 16
1780539469895 0.00037359236739575863 17
1780539479104 -0.003494501346722245 18
1780539487866 3.441792432568036e-05 19
1780539497409 -0.0031257588416337967 20
1780539506604 -0.0015479720896109939 21
1780539515577 -0.0033090931829065084 22
1780539524764 0.006551831960678101 23
1780539533468 -0.0031773035880178213 24
1780539542486 0.0016862204065546393 25
1780539551279 -0.0006308546871878207 26
1780539560285 -0.001104938448406756 27
1780539569350 0.003991223406046629 28
1780539578472 0.0028436309657990932 29
1780539587678 0.0008756390307098627 30
1780539596391 0.005441994406282902 31
1780539605572 0.0014465602580457926 32
1780539614339 0.0026512020267546177 33
1780539623667 0.0005519283004105091 34
1780539632784 0.0023784551303833723 35
1780539641633 -0.0030419393442571163 36
1780539650750 0.0025124321691691875 37
1780539659501 -0.004889598581939936 38
1780539668515 0.001254984992556274 39
1780539677595 -0.0021362986881285906 40
1780539686425 0.0007942708907648921 41
1780539695390 0.0026057143695652485 42
1780539704205 0.00425235740840435 43
1780539713528 0.00021410280896816403 44
1780539722588 -0.002523330505937338 45
1780539731273 -0.0007109361467882991 46
1780539740483 2.1592890334432013e-05 47
1780539749422 0.0024053268134593964 48
1780539758527 0.006305065471678972 49
1780539767490 0.0020311942789703608 50
1780539776429 0.0005947438767179847 51
1780539785377 0.00759528623893857 52
1780539793841 0.0037611043080687523 53
1780539802696 0.0009586519445292652 54
1780539811783 2.800369657052215e-06 55
1780539820678 0.0024875514209270477 56
1780539829990 0.002953041810542345 57
1780539838787 0.0020302427001297474 58
1780539848000 0.0014743490610271692 59
1780539857261 0.0014623336028307676 60
1780539866374 0.0023684643674641848 61
1780539875625 -0.0018943918403238058 62
1780539884660 -0.001380784553475678 63
1780539893687 0.0003854365204460919 64
1780539902821 -0.0020811650902032852 65
1780539911492 0.004147354979068041 66
1780539920489 0.001513144583441317 67
1780539929179 -0.0006330173928290606 68
1780539938190 0.0034871140960603952 69
1780539947290 0.004195234272629023 70
1780539956017 0.002981575671583414 71
1780539965093 0.004990996327251196 72
1780539973834 0.004053025972098112 73
1780539983344 0.003914509899914265 74
1780539992455 -0.000561246823053807 75
