1780539328375 0.033105507493019104 1
1780539337115 0.032350651919841766 2
1780539345698 0.029595600441098213 3
1780539354213 0.02690873108804226 4
1780539363108 0.025720205157995224 5
1780539372148 0.02486351691186428 6
1780539380956 0.02435450255870819 7
1780539390115 0.02435685135424137 8
1780539398906 0.02372441068291664 9
1780539407987 0.02383771911263466 10
1780539416965 0.02318994700908661 11
1780539425577 0.02370905503630638 12
1780539434501 0.0231060441583395 13
1780539443225 0.02255147136747837 14
1780539452086 0.024160446599125862 15
1780539461086 0.02320530265569687 16
1780539469895 0.022391365841031075 17
1780539479104 0.02280120924115181 18
1780539487866 0.022622285410761833 19
1780539497409 0.02210104838013649 20
1780539506604 0.02207460068166256 21
1780539515577 0.022217482328414917 22
1780539524764 0.022271445021033287 23
1780539533468 0.02263728901743889 24
1780539542486 0.02166864462196827 25
1780539551279 0.02159148082137108 26
1780539560285 0.021325796842575073 27
1780539569350 0.021562526002526283 28
1780539578472 0.021548692137002945 29
1780539587678 0.021751239895820618 30
1780539596391 0.021887902170419693 31
1780539605572 0.021075349301099777 32
1780539614339 0.02133386954665184 33
1780539623667 0.021285608410835266 34
1780539632784 0.02108924090862274 35
1780539641633 0.021123135462403297 36
1780539650750 0.021145978942513466 37
1780539659501 0.021539228036999702 38
1780539668515 0.020917799323797226 39
1780539677595 0.020953193306922913 40
1780539686425 0.020840968936681747 41
1780539695390 0.02105802856385708 42
1780539704205 0.021054893732070923 43
1780539713528 0.02047332189977169 44
1780539722588 0.020831063389778137 45
1780539731273 0.020881235599517822 46
1780539740483 0.020530758425593376 47
1780539749422 0.020562047138810158 48
1780539758527 0.02114514634013176 49
1780539767490 0.02063789777457714 50
1780539776429 0.020210040733218193 51
1780539785377 0.02130182273685932 52
1780539793841 0.020778538659214973 53
1780539802696 0.020437495782971382 54
1780539811783 0.020237140357494354 55
1780539820678 0.02037883549928665 56
1780539829990 0.020259885117411613 57
1780539838787 0.02029496058821678 58
1780539848000 0.020002521574497223 59
1780539857261 0.020495068281888962 60
1780539866374 0.020083798095583916 61
1780539875625 0.020153187215328217 62
1780539884660 0.019896885380148888 63
1780539893687 0.0205965805798769 64
1780539902821 0.020162848755717278 65
1780539911492 0.02028607577085495 66
1780539920489 0.019792694598436356 67
1780539929179 0.020047269761562347 68
1780539938190 0.019914504140615463 69
1780539947290 0.02041936293244362 70
1780539956017 0.01980433240532875 71
1780539965093 0.020145900547504425 72
1780539973834 0.020006025210022926 73
1780539983344 0.02016397938132286 74
1780539992455 0.01982755772769451 75
