1780539328375 0.054126664996147156 1
1780539337115 0.053330473601818085 2
1780539345698 0.05092383176088333 3
1780539354213 0.0475446991622448 4
1780539363108 0.046652138233184814 5
1780539372148 0.045334383845329285 6
1780539380956 0.045158158987760544 7
1780539390115 0.04486735910177231 8
1780539398906 0.044399090111255646 9
1780539407987 0.04439541697502136 10
1780539416965 0.04415905848145485 11
1780539425577 0.0440097339451313 12
1780539434501 0.043657537549734116 13
1780539443225 0.043409451842308044 14
1780539452086 0.044495344161987305 15
1780539461086 0.04344562441110611 16
1780539469895 0.042816609144210815 17
1780539479104 0.04298780858516693 18
1780539487866 0.042683329433202744 19
1780539497409 0.04202219843864441 20
1780539506604 0.04238557070493698 21
1780539515577 0.04174935072660446 22
1780539524764 0.042619384825229645 23
1780539533468 0.04260728508234024 24
1780539542486 0.041214391589164734 25
1780539551279 0.041149042546749115 26
1780539560285 0.04095742851495743 27
1780539569350 0.04099297896027565 28
1780539578472 0.040892038494348526 29
1780539587678 0.041232313960790634 30
1780539596391 0.041193362325429916 31
1780539605572 0.04030180349946022 32
1780539614339 0.040867771953344345 33
1780539623667 0.0412868931889534 34
1780539632784 0.040448691695928574 35
1780539641633 0.040476493537425995 36
1780539650750 0.04031948745250702 37
1780539659501 0.04066983237862587 38
1780539668515 0.04051173850893974 39
1780539677595 0.04031834378838539 40
1780539686425 0.04000762850046158 41
1780539695390 0.0402367077767849 42
1780539704205 0.041118182241916656 43
1780539713528 0.03984033316373825 44
1780539722588 0.03991330415010452 45
1780539731273 0.040271297097206116 46
1780539740483 0.03980489447712898 47
1780539749422 0.03998555243015289 48
1780539758527 0.040292538702487946 49
1780539767490 0.03979429230093956 50
1780539776429 0.03953276202082634 51
1780539785377 0.040093131363391876 52
1780539793841 0.03964441269636154 53
1780539802696 0.039245229214429855 54
1780539811783 0.039284925907850266 55
1780539820678 0.039877403527498245 56
1780539829990 0.039145853370428085 57
1780539838787 0.03936052694916725 58
1780539848000 0.03867961838841438 59
1780539857261 0.03909434378147125 60
1780539866374 0.03867663815617561 61
1780539875625 0.03926999494433403 62
1780539884660 0.03822590038180351 63
1780539893687 0.03912220522761345 64
1780539902821 0.038986872881650925 65
1780539911492 0.03871544823050499 66
1780539920489 0.03842436522245407 67
1780539929179 0.03871180862188339 68
1780539938190 0.038507163524627686 69
1780539947290 0.038934674113988876 70
1780539956017 0.0383959636092186 71
1780539965093 0.03861834481358528 72
1780539973834 0.03861056640744209 73
1780539983344 0.038980476558208466 74
1780539992455 0.03819327801465988 75
