1780539328375 0.2830095736114694 1
1780539337115 0.27164599974885595 2
1780539345698 0.25597675109568113 3
1780539354213 0.2127198408547695 4
1780539363108 0.19683010790839028 5
1780539372148 0.18992893574539962 6
1780539380956 0.1846759352351862 7
1780539390115 0.1803655107569927 8
1780539398906 0.1766106331377471 9
1780539407987 0.1751689455925111 10
1780539416965 0.173314751471619 11
1780539425577 0.17046562203370294 12
1780539434501 0.16824663581763893 13
1780539443225 0.16765331676658046 14
1780539452086 0.16582704467394796 15
1780539461086 0.16426658330168983 16
1780539469895 0.1635980632044163 17
1780539479104 0.1620899802005746 18
1780539487866 0.16034565675946197 19
1780539497409 0.1595845692265237 20
1780539506604 0.15808690748473284 21
1780539515577 0.15681472590161377 22
1780539524764 0.1558849366153284 23
1780539533468 0.15568032457661957 24
1780539542486 0.15472393287428987 25
1780539551279 0.15360319822009844 26
1780539560285 0.15313563766419452 27
1780539569350 0.1521599652392413 28
1780539578472 0.1513716094105056 29
1780539587678 0.1509557839552626 30
1780539596391 0.1502911263697037 31
1780539605572 0.15033756491859013 32
1780539614339 0.14975618899691695 33
1780539623667 0.14914669758609211 34
1780539632784 0.14822864214111206 35
1780539641633 0.14783713507831436 36
1780539650750 0.1469888532553912 37
1780539659501 0.14716443976282978 38
1780539668515 0.14730883772226971 39
1780539677595 0.14654359881176782 40
1780539686425 0.1459951265907985 41
1780539695390 0.14535480176017693 42
1780539704205 0.14497407367808562 43
1780539713528 0.14479928714269355 44
1780539722588 0.1447742131911672 45
1780539731273 0.14424178934528226 46
1780539740483 0.14403741239024603 47
1780539749422 0.14335010779959512 48
1780539758527 0.14270038310223532 49
1780539767490 0.1431050514976345 50
1780539776429 0.14256180222445053 51
1780539785377 0.14258941396114597 52
1780539793841 0.14104092175596425 53
1780539802696 0.14096702957884458 54
1780539811783 0.1409074653281999 55
1780539820678 0.14138612841731837 56
1780539829990 0.1409105112841224 57
1780539838787 0.1403313912148644 58
1780539848000 0.14065853135916007 59
1780539857261 0.1398679455311002 60
1780539866374 0.13915386722157586 61
1780539875625 0.13917046042112294 62
1780539884660 0.13886351677627704 63
1780539893687 0.13807466759018835 64
1780539902821 0.13818716349808013 65
1780539911492 0.13795666082495117 66
1780539920489 0.13741229348653317 67
1780539929179 0.13768799579986027 68
1780539938190 0.1363963840890957 69
1780539947290 0.1363742442924157 70
1780539956017 0.1368796495247139 71
1780539965093 0.13587107345958147 72
1780539973834 0.1363009904624 73
1780539983344 0.13577064472930786 74
1780539992455 0.13504276026394385 75
