1780532272772 0.034843869507312775 1
1780532281739 0.03236282244324684 2
1780532290714 0.03176317363977432 3
1780532299877 0.028124840930104256 4
1780532308907 0.026228871196508408 5
1780532318124 0.025130413472652435 6
1780532326906 0.02470310963690281 7
1780532335955 0.024272749200463295 8
1780532344708 0.02451927773654461 9
1780532353754 0.02356404811143875 10
1780532362623 0.023510824888944626 11
1780532371590 0.02364216186106205 12
1780532380629 0.023080628365278244 13
1780532389400 0.023518549278378487 14
1780532398286 0.02304653637111187 15
1780532407052 0.023174239322543144 16
1780532416051 0.022707318887114525 17
1780532425193 0.02341502532362938 18
1780532433947 0.022510940209031105 19
1780532442825 0.022576773539185524 20
1780532451540 0.0223401989787817 21
1780532460502 0.02214081585407257 22
1780532469316 0.022104643285274506 23
1780532478631 0.022712746635079384 24
1780532487553 0.02225322648882866 25
1780532496129 0.022526640444993973 26
1780532505205 0.021952999755740166 27
1780532514240 0.0223721731454134 28
1780532522979 0.02194410189986229 29
1780532531916 0.022340217605233192 30
1780532540819 0.02157893404364586 31
1780532550206 0.02165776677429676 32
1780532559318 0.022090569138526917 33
1780532567965 0.021530186757445335 34
1780532576729 0.022350186482071877 35
1780532585298 0.021296892315149307 36
1780532594017 0.021416308358311653 37
1780532602979 0.02125358209013939 38
1780532611622 0.02116309106349945 39
1780532620544 0.02158699929714203 40
1780532629327 0.02143157832324505 41
1780532638250 0.021439049392938614 42
1780532647197 0.02144608087837696 43
1780532655957 0.021955367177724838 44
1780532665047 0.021000633016228676 45
1780532674209 0.0211685411632061 46
1780532682977 0.021020913496613503 47
1780532691885 0.021269869059324265 48
1780532700638 0.021058794111013412 49
1780532709523 0.020965635776519775 50
1780532718058 0.02181733399629593 51
1780532726860 0.02099369838833809 52
1780532735702 0.02078218013048172 53
1780532744388 0.021103648468852043 54
1780532753393 0.020872658118605614 55
1780532762024 0.02065369114279747 56
1780532770815 0.020951954647898674 57
1780532779756 0.02108299732208252 58
1780532788473 0.02071920409798622 59
1780532797488 0.0209818072617054 60
1780532806222 0.02082223817706108 61
1780532815457 0.02108178846538067 62
1780532824310 0.021264443174004555 63
1780532833083 0.020718824118375778 64
1780532842001 0.020564928650856018 65
1780532850792 0.02069816179573536 66
1780532859826 0.020887184888124466 67
1780532868785 0.02068166248500347 68
1780532877578 0.020497212186455727 69
1780532886561 0.020990971475839615 70
1780532895459 0.020590806379914284 71
1780532904724 0.020878152921795845 72
1780532913876 0.02078947238624096 73
1780532922733 0.020478716120123863 74
1780532931517 0.0206095352768898 75
1780532940221 0.020337598398327827 76
1780532949052 0.020487094298005104 77
1780532957968 0.020375827327370644 78
1780532966673 0.020365772768855095 79
1780532975600 0.02064618282020092 80
1780532984299 0.02054397016763687 81
1780532993409 0.020322758704423904 82
1780533002456 0.02044067345559597 83
1780533011284 0.020281260833144188 84
1780533020333 0.020356379449367523 85
1780533029300 0.02005757763981819 86
1780533038111 0.02077072113752365 87
1780533046948 0.02009814977645874 88
1780533055737 0.020079435780644417 89
1780533064655 0.02015557326376438 90
1780533073370 0.020236246287822723 91
