1780532272772 -0.0012419183040037751 1
1780532281739 -0.0022990605793893337 2
1780532290714 0.0015107541112229228 3
1780532299877 0.0044356235302984715 4
1780532308907 0.00785583071410656 5
1780532318124 -0.0012311673490330577 6
1780532326906 -0.0028404758777469397 7
1780532335955 -0.00013460792251862586 8
1780532344708 -0.004008758347481489 9
1780532353754 -0.0015116807771846652 10
1780532362623 -9.07896101125516e-05 11
1780532371590 0.0047571673057973385 12
1780532380629 -0.0008421986713074148 13
1780532389400 -0.0026939467061311007 14
1780532398286 -0.0023939560633152723 15
1780532407052 -0.003379394533112645 16
1780532416051 0.0046074287965893745 17
1780532425193 0.0035186351742595434 18
1780532433947 0.002915807534009218 19
1780532442825 -0.00016949203563854098 20
1780532451540 -0.0013309998903423548 21
1780532460502 -0.0011492467019706964 22
1780532469316 0.001667579635977745 23
1780532478631 0.0021184731740504503 24
1780532487553 -0.0026796518359333277 25
1780532496129 -0.00444584246724844 26
1780532505205 0.0006285170675255358 27
1780532514240 0.0052238572388887405 28
1780532522979 0.0032909822184592485 29
1780532531916 0.0050765653140842915 30
1780532540819 -0.0008501927368342876 31
1780532550206 -0.00040998542681336403 32
1780532559318 -0.0020386497490108013 33
1780532567965 -0.0013235346414148808 34
1780532576729 -0.005275879520922899 35
1780532585298 0.0007331354427151382 36
1780532594017 0.0026370608247816563 37
1780532602979 -0.002036171266809106 38
1780532611622 -0.0016165826236829162 39
1780532620544 -0.000795210711658001 40
1780532629327 0.0012383029097691178 41
1780532638250 0.0009619989432394505 42
1780532647197 -0.0006640618667006493 43
1780532655957 0.004205733072012663 44
1780532665047 0.0015784671995788813 45
1780532674209 0.002556768013164401 46
1780532682977 0.0014752316055819392 47
1780532691885 -0.0008210139931179583 48
1780532700638 -0.0005528608453460038 49
1780532709523 -0.0008974344818852842 50
1780532718058 0.0023907292634248734 51
1780532726860 -1.7660689991316758e-05 52
1780532735702 -8.369718852918595e-05 53
1780532744388 -0.0029912027530372143 54
1780532753393 0.0013045405503362417 55
1780532762024 0.00047582623665221035 56
1780532770815 -0.0014040220994502306 57
1780532779756 0.0007467411924153566 58
1780532788473 0.0017440611263737082 59
1780532797488 -0.0011657982831820846 60
1780532806222 -0.0018492814851924777 61
1780532815457 0.0039599742740392685 62
1780532824310 -0.002945743966847658 63
1780532833083 0.0007779168081469834 64
1780532842001 -0.001341132097877562 65
1780532850792 -0.00046415391261689365 66
1780532859826 -0.00016941128706093878 67
1780532868785 -0.001723541528917849 68
1780532877578 -0.0008674300624988973 69
1780532886561 -0.0006183815421536565 70
1780532895459 -0.00222641765139997 71
1780532904724 0.0008004922419786453 72
1780532913876 0.0022302628494799137 73
1780532922733 0.0038925830740481615 74
1780532931517 -0.00040256200009025633 75
1780532940221 0.0025363436434417963 76
1780532949052 -0.001566399121657014 77
1780532957968 0.001671145437285304 78
1780532966673 -0.0005309488624334335 79
1780532975600 0.004344296641647816 80
1780532984299 0.0008800115319900215 81
1780532993409 0.0020031367894262075 82
1780533002456 0.0027018075343221426 83
1780533011284 -0.0019900004845112562 84
1780533020333 0.0009708848083391786 85
1780533029300 -0.0003465611080173403 86
1780533038111 0.005444135516881943 87
1780533046948 0.00041557641816325486 88
1780533055737 0.0007266057073138654 89
1780533064655 -0.002187744714319706 90
1780533073370 -4.340514351497404e-05 91
