1780532272772 0.2503817100940343 1
1780532281739 0.23756317977107316 2
1780532290714 0.23497514281449136 3
1780532299877 0.20442236943592587 4
1780532308907 0.17431575342540717 5
1780532318124 0.1626698107229414 6
1780532326906 0.15700462674169788 7
1780532335955 0.15340480351840258 8
1780532344708 0.15081738948725182 9
1780532353754 0.14952023999779132 10
1780532362623 0.14775344228884923 11
1780532371590 0.14591247508503574 12
1780532380629 0.14392972971781012 13
1780532389400 0.1435435880353836 14
1780532398286 0.1419293993159487 15
1780532407052 0.1403415783586103 16
1780532416051 0.1394529813956575 17
1780532425193 0.13874055346539116 18
1780532433947 0.13747888178867987 19
1780532442825 0.13648013921891838 20
1780532451540 0.1355201824954813 21
1780532460502 0.13442614726014102 22
1780532469316 0.13388954383222 23
1780532478631 0.13281999313243031 24
1780532487553 0.13203914563990918 25
1780532496129 0.13265398287560085 26
1780532505205 0.13135932079666907 27
1780532514240 0.13125572309418485 28
1780532522979 0.1300394017579205 29
1780532531916 0.13033787692517987 30
1780532540819 0.12897831406126556 31
1780532550206 0.12783559808805645 32
1780532559318 0.12792425787274572 33
1780532567965 0.128159918696003 34
1780532576729 0.12627641318606517 35
1780532585298 0.12564983313326716 36
1780532594017 0.12597181369905353 37
1780532602979 0.12549690462521768 38
1780532611622 0.12477043565214406 39
1780532620544 0.12457081358985722 40
1780532629327 0.12508712585177198 41
1780532638250 0.12373110738520114 42
1780532647197 0.12335487867302279 43
1780532655957 0.12337093195665376 44
1780532665047 0.12278617183117242 45
1780532674209 0.12333552999335706 46
1780532682977 0.12214372973438203 47
1780532691885 0.12251839318307409 48
1780532700638 0.1221581340822672 49
1780532709523 0.12151614062118879 50
1780532718058 0.12165725508070786 51
1780532726860 0.12161181989685003 52
1780532735702 0.1212021483367144 53
1780532744388 0.12155150331308646 54
1780532753393 0.1212053298829146 55
1780532762024 0.12018203941740513 56
1780532770815 0.11950664918878813 57
1780532779756 0.12043842838533907 58
1780532788473 0.12003619862670438 59
1780532797488 0.11998112042147778 60
1780532806222 0.11924371047960754 61
1780532815457 0.11916589712728629 62
1780532824310 0.11955443716734333 63
1780532833083 0.11883239115185122 64
1780532842001 0.11916631387560277 65
1780532850792 0.1180990004350653 66
1780532859826 0.11852449701325764 67
1780532868785 0.11809868587348928 68
1780532877578 0.1179882309495628 69
1780532886561 0.11780570491022642 70
1780532895459 0.11738590191925666 71
1780532904724 0.12257824241993971 72
1780532913876 0.11847063571904656 73
1780532922733 0.11672116593313256 74
1780532931517 0.1165354674444462 75
1780532940221 0.11700190136483005 76
1780532949052 0.11682843700789708 77
1780532957968 0.11638515584540018 78
1780532966673 0.1168323444984823 79
1780532975600 0.1159378150001374 80
1780532984299 0.11632908242175871 81
1780532993409 0.11542874446954308 82
1780533002456 0.1149863556336088 83
1780533011284 0.11491658410267748 84
1780533020333 0.11523552021657811 85
1780533029300 0.1142100397857537 86
1780533038111 0.11508231380066186 87
1780533046948 0.11393961409647033 88
1780533055737 0.11430726800141153 89
1780533064655 0.11527712197080073 90
1780533073370 0.11408730021017437 91
