1780532272772 0.05501003563404083 1
1780532281739 0.053040605038404465 2
1780532290714 0.052899040281772614 3
1780532299877 0.04792019724845886 4
1780532308907 0.04695611447095871 5
1780532318124 0.045587990432977676 6
1780532326906 0.04530389606952667 7
1780532335955 0.04483947902917862 8
1780532344708 0.04474987834692001 9
1780532353754 0.04416394978761673 10
1780532362623 0.04414745420217514 11
1780532371590 0.044007159769535065 12
1780532380629 0.04347917065024376 13
1780532389400 0.04388387128710747 14
1780532398286 0.04342648759484291 15
1780532407052 0.04352664574980736 16
1780532416051 0.04340287670493126 17
1780532425193 0.04346117377281189 18
1780532433947 0.043056670576334 19
1780532442825 0.0427754670381546 20
1780532451540 0.04265042394399643 21
1780532460502 0.04250503331422806 22
1780532469316 0.04249100759625435 23
1780532478631 0.04334205761551857 24
1780532487553 0.042581766843795776 25
1780532496129 0.04256853833794594 26
1780532505205 0.04244616627693176 27
1780532514240 0.042402856051921844 28
1780532522979 0.04215610772371292 29
1780532531916 0.04245569929480553 30
1780532540819 0.041577331721782684 31
1780532550206 0.04169555380940437 32
1780532559318 0.042021915316581726 33
1780532567965 0.04128831624984741 34
1780532576729 0.04145554080605507 35
1780532585298 0.04083182290196419 36
1780532594017 0.04088582098484039 37
1780532602979 0.04062687233090401 38
1780532611622 0.0405915342271328 39
1780532620544 0.04061773791909218 40
1780532629327 0.041025158017873764 41
1780532638250 0.04061473160982132 42
1780532647197 0.04060709848999977 43
1780532655957 0.04100847616791725 44
1780532665047 0.04029727354645729 45
1780532674209 0.040809500962495804 46
1780532682977 0.040580280125141144 47
1780532691885 0.04055948182940483 48
1780532700638 0.04010213911533356 49
1780532709523 0.040113143622875214 50
1780532718058 0.040840260684490204 51
1780532726860 0.040310997515916824 52
1780532735702 0.039965614676475525 53
1780532744388 0.04015826806426048 54
1780532753393 0.04017740860581398 55
1780532762024 0.03984319046139717 56
1780532770815 0.039915744215250015 57
1780532779756 0.039965320378541946 58
1780532788473 0.03960781916975975 59
1780532797488 0.03993252292275429 60
1780532806222 0.03959903120994568 61
1780532815457 0.03998909145593643 62
1780532824310 0.040288377553224564 63
1780532833083 0.03975404426455498 64
1780532842001 0.03952459245920181 65
1780532850792 0.03953012824058533 66
1780532859826 0.040159519761800766 67
1780532868785 0.039647672325372696 68
1780532877578 0.03939494863152504 69
1780532886561 0.039610326290130615 70
1780532895459 0.03931177407503128 71
1780532904724 0.04021535441279411 72
1780532913876 0.039246007800102234 73
1780532922733 0.03927675634622574 74
1780532931517 0.03929479420185089 75
1780532940221 0.03958288952708244 76
1780532949052 0.03899000957608223 77
1780532957968 0.03939696401357651 78
1780532966673 0.039112649857997894 79
1780532975600 0.03933265805244446 80
1780532984299 0.03911237791180611 81
1780532993409 0.038991283625364304 82
1780533002456 0.03917962312698364 83
1780533011284 0.03886658325791359 84
1780533020333 0.03899681568145752 85
1780533029300 0.038306333124637604 86
1780533038111 0.03927953541278839 87
1780533046948 0.03850369527935982 88
1780533055737 0.038602154701948166 89
1780533064655 0.038235172629356384 90
1780533073370 0.03896978870034218 91
