1780534364086 0.03447195515036583 1
1780534372628 0.034410301595926285 2
1780534380821 0.027678312733769417 3
1780534388901 0.026758480817079544 4
1780534397313 0.024689437821507454 5
1780534405822 0.024552008137106895 6
1780534414027 0.024559609591960907 7
1780534422688 0.02362346462905407 8
1780534431115 0.02339908294379711 9
1780534439574 0.023808563128113747 10
1780534448358 0.023536814376711845 11
1780534457039 0.02264579012989998 12
1780534465862 0.022521594539284706 13
1780534474483 0.024929827079176903 14
1780534483296 0.0226316899061203 15
1780534492110 0.02311963401734829 16
1780534500634 0.022924119606614113 17
1780534509396 0.022003162652254105 18
1780534517823 0.022041823714971542 19
1780534526371 0.022247929126024246 20
1780534535104 0.021749652922153473 21
1780534543680 0.021774044260382652 22
1780534552663 0.021564748138189316 23
1780534561426 0.021787067875266075 24
1780534570791 0.021900547668337822 25
1780534579650 0.0213504396378994 26
1780534588356 0.021882394328713417 27
1780534597397 0.02219204790890217 28
1780534605939 0.021360110491514206 29
1780534614906 0.021234281361103058 30
1780534623762 0.021033260971307755 31
1780534632420 0.0217138659209013 32
1780534641237 0.021308237686753273 33
1780534649861 0.021090129390358925 34
1780534658612 0.02091028541326523 35
1780534667589 0.02099933661520481 36
1780534676221 0.020830875262618065 37
1780534685074 0.02106023207306862 38
1780534693895 0.020886370912194252 39
1780534703215 0.020788023248314857 40
1780534712208 0.02062811702489853 41
1780534720905 0.020797329023480415 42
1780534729705 0.020684732124209404 43
1780534738442 0.02099006064236164 44
1780534747306 0.020591963082551956 45
1780534756250 0.02061287872493267 46
1780534764761 0.020998448133468628 47
1780534773582 0.020463084802031517 48
1780534782212 0.020774656906723976 49
1780534790956 0.020733054727315903 50
1780534799979 0.020466286689043045 51
1780534808719 0.020382298156619072 52
1780534817800 0.020518118515610695 53
1780534826628 0.020291198045015335 54
1780534835541 0.020213238894939423 55
1780534844523 0.01999506913125515 56
1780534853207 0.02001308649778366 57
1780534862043 0.02039766125380993 58
1780534870615 0.02048354595899582 59
1780534879549 0.01997784711420536 60
1780534888587 0.020008962601423264 61
