1780534364086 0.009912327863276005 1
1780534372628 0.004337331745773554 2
1780534380821 0.0035530710592865944 3
1780534388901 0.00557266641408205 4
1780534397313 0.0014687594957649708 5
1780534405822 0.006205951329320669 6
1780534414027 -0.004558010492473841 7
1780534422688 0.0006814454682171345 8
1780534431115 0.0027245867531746626 9
1780534439574 -0.0034374287351965904 10
1780534448358 0.005724285263568163 11
1780534457039 -0.0012229587882757187 12
1780534465862 -0.0017542344285175204 13
1780534474483 0.011286730878055096 14
1780534483296 -0.0021255125757306814 15
1780534492110 0.0004915078170597553 16
1780534500634 -0.005033404566347599 17
1780534509396 -0.0007821139297448099 18
1780534517823 0.001192638068459928 19
1780534526371 -0.0035684905014932156 20
1780534535104 -0.0001618614187464118 21
1780534543680 0.0037754743825644255 22
1780534552663 0.0018462382722645998 23
1780534561426 -0.0007282296428456903 24
1780534570791 0.0019252784550189972 25
1780534579650 -5.825503103551455e-05 26
1780534588356 0.00467403931543231 27
1780534597397 0.00406477227807045 28
1780534605939 -0.0033450336195528507 29
1780534614906 0.001381069072522223 30
1780534623762 -0.0003125497605651617 31
1780534632420 -0.0020487939473241568 32
1780534641237 -0.004140999633818865 33
1780534649861 0.0011936365626752377 34
1780534658612 0.0004024840600322932 35
1780534667589 0.00017015823686961085 36
1780534676221 0.0001865794329205528 37
1780534685074 0.0023266978096216917 38
1780534693895 0.001910379040054977 39
1780534703215 0.0001646582968533039 40
1780534712208 -0.0004684051382355392 41
1780534720905 -0.0016968701966106892 42
1780534729705 0.001284399419091642 43
1780534738442 0.002462939126417041 44
1780534747306 -0.0005195795092731714 45
1780534756250 -0.0006869194330647588 46
1780534764761 -0.004636998288333416 47
1780534773582 -0.0012909616343677044 48
1780534782212 -0.003970305901020765 49
1780534790956 -0.00036263297079131007 50
1780534799979 -0.0033789167646318674 51
1780534808719 -6.767626473447308e-05 52
1780534817800 1.0923762602033094e-05 53
1780534826628 0.002649242989718914 54
1780534835541 0.0017926024738699198 55
1780534844523 -0.0003552393172867596 56
1780534853207 -0.00031310057966038585 57
1780534862043 -0.004421118181198835 58
1780534870615 0.0017498108791187406 59
1780534879549 0.001555285882204771 60
1780534888587 -0.0024589363019913435 61
