1780534364086 0.2263934529779114 1
1780534372628 0.21622278933526054 2
1780534380821 0.1905261633613553 3
1780534388901 0.15373104653955957 4
1780534397313 0.14397380729209688 5
1780534405822 0.1388325993604141 6
1780534414027 0.13440436264613506 7
1780534422688 0.1319862198323665 8
1780534431115 0.12903872012765208 9
1780534439574 0.12687382882780218 10
1780534448358 0.12443182568400978 11
1780534457039 0.12351292357526593 12
1780534465862 0.1218748706794676 13
1780534474483 0.12023062602738652 14
1780534483296 0.11906900803106864 15
1780534492110 0.11787041193774617 16
1780534500634 0.11730526899124528 17
1780534509396 0.1163425849044013 18
1780534517823 0.11532087616507451 19
1780534526371 0.114549859359582 20
1780534535104 0.11362816198183501 21
1780534543680 0.11330863898794018 22
1780534552663 0.1121572550419479 23
1780534561426 0.11147569957288371 24
1780534570791 0.1108832798268764 25
1780534579650 0.11049651915917157 26
1780534588356 0.11030392481920488 27
1780534597397 0.10904188163027737 28
1780534605939 0.10909172900438696 29
1780534614906 0.1083463724524049 30
1780534623762 0.10716019229771256 31
1780534632420 0.10787275364239655 32
1780534641237 0.10727564716949199 33
1780534649861 0.10667860137251797 34
1780534658612 0.10666199516320403 35
1780534667589 0.10644979283189406 36
1780534676221 0.10588648469527014 37
1780534685074 0.11875811484010601 38
1780534693895 0.10601761232332231 39
1780534703215 0.10510517823548457 40
1780534712208 0.1050450216424988 41
1780534720905 0.10463782176556963 42
1780534729705 0.1036979886275738 43
1780534738442 0.10406676608430575 44
1780534747306 0.10368967810411167 45
1780534756250 0.10347456827602379 46
1780534764761 0.1026257602036435 47
1780534773582 0.10251910663130417 48
1780534782212 0.10242216062681352 49
1780534790956 0.10186939894741479 50
1780534799979 0.10207922974863157 51
1780534808719 0.10160803582419427 52
1780534817800 0.10072234946595858 53
1780534826628 0.1003491144709041 54
1780534835541 0.10059484486580864 55
1780534844523 0.09986855822920218 56
1780534853207 0.09893767345336567 57
1780534862043 0.09918405199128374 58
1780534870615 0.09933573785627595 59
1780534879549 0.09872771766881068 60
1780534888587 0.09853005334190196 61
