1780534364086 0.0543937161564827 1
1780534372628 0.052902642637491226 2
1780534380821 0.04789502173662186 3
1780534388901 0.04676271602511406 4
1780534397313 0.04552539438009262 5
1780534405822 0.0452285036444664 6
1780534414027 0.04476168379187584 7
1780534422688 0.04411815479397774 8
1780534431115 0.043988700956106186 9
1780534439574 0.04398686811327934 10
1780534448358 0.04392685368657112 11
1780534457039 0.04277888685464859 12
1780534465862 0.04243739694356918 13
1780534474483 0.044083818793296814 14
1780534483296 0.0421561561524868 15
1780534492110 0.042766157537698746 16
1780534500634 0.0420546755194664 17
1780534509396 0.041410382837057114 18
1780534517823 0.04152541607618332 19
1780534526371 0.04190075024962425 20
1780534535104 0.04203588888049126 21
1780534543680 0.04116266965866089 22
1780534552663 0.041224993765354156 23
1780534561426 0.04101315140724182 24
1780534570791 0.040571119636297226 25
1780534579650 0.04032086208462715 26
1780534588356 0.0406118780374527 27
1780534597397 0.040738604962825775 28
1780534605939 0.04038679227232933 29
1780534614906 0.03992634266614914 30
1780534623762 0.039988189935684204 31
1780534632420 0.04054422676563263 32
1780534641237 0.04006432741880417 33
1780534649861 0.03982207551598549 34
1780534658612 0.03972165286540985 35
1780534667589 0.03949205204844475 36
1780534676221 0.03959379717707634 37
1780534685074 0.040248479694128036 38
1780534693895 0.03963369503617287 39
1780534703215 0.039588309824466705 40
1780534712208 0.0390113890171051 41
1780534720905 0.03948894515633583 42
1780534729705 0.03893909603357315 43
1780534738442 0.039988912642002106 44
1780534747306 0.03931279107928276 45
1780534756250 0.03994089737534523 46
1780534764761 0.03892290219664574 47
1780534773582 0.038669731467962265 48
1780534782212 0.038649316877126694 49
1780534790956 0.039529912173748016 50
1780534799979 0.03852615877985954 51
1780534808719 0.03875952959060669 52
1780534817800 0.03842988982796669 53
1780534826628 0.03741392493247986 54
1780534835541 0.03717120364308357 55
1780534844523 0.03696398809552193 56
1780534853207 0.036786507815122604 57
1780534862043 0.037499792873859406 58
1780534870615 0.03782270476222038 59
1780534879549 0.03714558854699135 60
1780534888587 0.03683708235621452 61
